0.0449992
0.045004
0.045009
0.0450143
0.0450198
0.0450254
0.0450312
0.0450372
0.0450433
0.0450495
0.0450558
0.0450622
0.0450687
0.0450751
0.0450816
0.0450881
0.0450946
0.0451011
0.0451076
0.045114
0.0451203
0.0451265
0.0451327
0.0451387
0.0451446
0.0451504
0.0451561
0.0451616
0.0451669
0.0451721
0.045177
0.0451818
0.0451864
0.0451908
0.0451949
0.0451989
0.0452026
0.045206
0.0452092
0.0452122
0.0452149
0.0452174
0.0452195
0.0452215
0.0452231
0.0452245
0.0452256
0.0452264
0.045227
0.0452272
0.0452272
0.0452269
0.0452264
0.0452255
0.0452244
0.045223
0.0452213
0.0452194
0.0452171
0.0452147
0.0452119
0.0452089
0.0452057
0.0452022
0.0451985
0.0451946
0.0451904
0.045186
0.0451814
0.0451766
0.0451716
0.0451664
0.0451611
0.0451556
0.0451499
0.0451441
0.0451382
0.0451321
0.045126
0.0451197
0.0451134
0.045107
0.0451005
0.0450941
0.0450875
0.045081
0.0450745
0.045068
0.0450616
0.0450552
0.0450489
0.0450427
0.0450366
0.0450306
0.0450248
0.0450192
0.0450137
0.0450084
0.0450034
0.0449986
0.045004
0.0450088
0.0450138
0.0450191
0.0450246
0.0450302
0.0450361
0.045042
0.0450481
0.0450543
0.0450607
0.045067
0.0450735
0.0450799
0.0450864
0.045093
0.0450995
0.0451059
0.0451124
0.0451188
0.0451251
0.0451313
0.0451375
0.0451435
0.0451495
0.0451553
0.0451609
0.0451664
0.0451717
0.0451769
0.0451819
0.0451867
0.0451913
0.0451956
0.0451998
0.0452037
0.0452074
0.0452109
0.0452141
0.0452171
0.0452198
0.0452222
0.0452244
0.0452263
0.045228
0.0452294
0.0452305
0.0452313
0.0452318
0.0452321
0.0452321
0.0452318
0.0452312
0.0452304
0.0452292
0.0452278
0.0452262
0.0452242
0.045222
0.0452195
0.0452168
0.0452138
0.0452106
0.0452071
0.0452034
0.0451994
0.0451952
0.0451908
0.0451862
0.0451814
0.0451764
0.0451713
0.0451659
0.0451604
0.0451547
0.0451489
0.045143
0.0451369
0.0451308
0.0451245
0.0451182
0.0451118
0.0451054
0.0450989
0.0450924
0.0450859
0.0450793
0.0450729
0.0450664
0.04506
0.0450537
0.0450475
0.0450414
0.0450354
0.0450296
0.045024
0.0450185
0.0450132
0.0450082
0.0450034
0.045009
0.0450139
0.0450189
0.0450241
0.0450296
0.0450353
0.0450411
0.0450471
0.0450532
0.0450594
0.0450657
0.0450721
0.0450785
0.045085
0.0450915
0.045098
0.0451046
0.045111
0.0451175
0.0451239
0.0451302
0.0451365
0.0451426
0.0451487
0.0451546
0.0451604
0.045166
0.0451715
0.0451769
0.045182
0.045187
0.0451918
0.0451964
0.0452008
0.0452049
0.0452089
0.0452126
0.045216
0.0452192
0.0452222
0.0452249
0.0452274
0.0452296
0.0452315
0.0452331
0.0452345
0.0452356
0.0452365
0.045237
0.0452373
0.0452373
0.045237
0.0452364
0.0452355
0.0452344
0.045233
0.0452313
0.0452294
0.0452272
0.0452247
0.045222
0.045219
0.0452157
0.0452122
0.0452085
0.0452046
0.0452004
0.045196
0.0451914
0.0451866
0.0451816
0.0451764
0.045171
0.0451655
0.0451599
0.0451541
0.0451481
0.0451421
0.0451359
0.0451296
0.0451233
0.0451169
0.0451105
0.045104
0.0450974
0.0450909
0.0450844
0.0450779
0.0450715
0.0450651
0.0450588
0.0450526
0.0450465
0.0450405
0.0450347
0.045029
0.0450235
0.0450183
0.0450132
0.0450084
0.0450143
0.0450191
0.0450241
0.0450294
0.0450349
0.0450406
0.0450464
0.0450524
0.0450585
0.0450647
0.045071
0.0450774
0.0450838
0.0450903
0.0450969
0.0451034
0.0451099
0.0451164
0.0451228
0.0451292
0.0451356
0.0451418
0.045148
0.045154
0.04516
0.0451658
0.0451714
0.045177
0.0451823
0.0451875
0.0451924
0.0451972
0.0452018
0.0452062
0.0452104
0.0452143
0.045218
0.0452215
0.0452247
0.0452277
0.0452304
0.0452328
0.045235
0.045237
0.0452386
0.04524
0.0452411
0.0452419
0.0452425
0.0452427
0.0452427
0.0452424
0.0452419
0.045241
0.0452399
0.0452385
0.0452368
0.0452348
0.0452326
0.0452301
0.0452274
0.0452244
0.0452212
0.0452177
0.0452139
0.04521
0.0452058
0.0452014
0.0451968
0.045192
0.045187
0.0451818
0.0451765
0.0451709
0.0451653
0.0451594
0.0451535
0.0451474
0.0451413
0.045135
0.0451287
0.0451223
0.0451158
0.0451093
0.0451028
0.0450963
0.0450897
0.0450832
0.0450768
0.0450704
0.0450641
0.0450579
0.0450518
0.0450458
0.0450399
0.0450343
0.0450288
0.0450235
0.0450185
0.0450137
0.0450198
0.0450246
0.0450296
0.0450349
0.0450404
0.045046
0.0450519
0.0450579
0.045064
0.0450702
0.0450765
0.0450829
0.0450894
0.0450959
0.0451024
0.0451089
0.0451155
0.0451219
0.0451284
0.0451348
0.0451412
0.0451474
0.0451536
0.0451597
0.0451656
0.0451714
0.0451771
0.0451826
0.0451879
0.0451931
0.0451981
0.0452029
0.0452075
0.0452119
0.0452161
0.04522
0.0452237
0.0452272
0.0452304
0.0452334
0.0452361
0.0452386
0.0452407
0.0452427
0.0452443
0.0452457
0.0452468
0.0452476
0.0452482
0.0452484
0.0452484
0.0452482
0.0452476
0.0452467
0.0452456
0.0452442
0.0452425
0.0452406
0.0452383
0.0452359
0.0452331
0.0452301
0.0452269
0.0452234
0.0452196
0.0452157
0.0452115
0.0452071
0.0452025
0.0451977
0.0451926
0.0451875
0.0451821
0.0451766
0.0451709
0.0451651
0.0451591
0.045153
0.0451469
0.0451406
0.0451342
0.0451278
0.0451214
0.0451149
0.0451083
0.0451018
0.0450953
0.0450888
0.0450823
0.0450759
0.0450696
0.0450634
0.0450572
0.0450513
0.0450454
0.0450398
0.0450343
0.045029
0.045024
0.0450192
0.0450254
0.0450302
0.0450353
0.0450406
0.045046
0.0450517
0.0450575
0.0450635
0.0450697
0.0450759
0.0450822
0.0450886
0.0450951
0.0451016
0.0451081
0.0451147
0.0451212
0.0451277
0.0451342
0.0451406
0.045147
0.0451532
0.0451594
0.0451655
0.0451714
0.0451772
0.0451829
0.0451884
0.0451938
0.045199
0.045204
0.0452088
0.0452134
0.0452178
0.045222
0.0452259
0.0452296
0.0452331
0.0452363
0.0452393
0.045242
0.0452445
0.0452467
0.0452486
0.0452503
0.0452517
0.0452528
0.0452536
0.0452541
0.0452544
0.0452544
0.0452541
0.0452535
0.0452527
0.0452516
0.0452501
0.0452485
0.0452465
0.0452443
0.0452418
0.0452391
0.045236
0.0452328
0.0452293
0.0452256
0.0452216
0.0452174
0.045213
0.0452084
0.0452035
0.0451985
0.0451933
0.045188
0.0451824
0.0451767
0.0451709
0.0451649
0.0451589
0.0451527
0.0451464
0.04514
0.0451336
0.0451271
0.0451206
0.0451141
0.0451076
0.045101
0.0450945
0.045088
0.0450816
0.0450753
0.0450691
0.0450629
0.0450569
0.0450511
0.0450454
0.04504
0.0450347
0.0450296
0.0450248
0.0450312
0.0450361
0.0450411
0.0450464
0.0450519
0.0450575
0.0450634
0.0450694
0.0450755
0.0450818
0.0450881
0.0450945
0.045101
0.0451075
0.0451141
0.0451206
0.0451272
0.0451337
0.0451402
0.0451466
0.0451529
0.0451592
0.0451654
0.0451715
0.0451775
0.0451833
0.045189
0.0451945
0.0451999
0.0452051
0.0452101
0.0452149
0.0452195
0.0452239
0.0452281
0.045232
0.0452357
0.0452392
0.0452425
0.0452455
0.0452482
0.0452506
0.0452528
0.0452548
0.0452565
0.0452578
0.0452589
0.0452598
0.0452603
0.0452606
0.0452606
0.0452603
0.0452597
0.0452589
0.0452577
0.0452563
0.0452546
0.0452527
0.0452504
0.0452479
0.0452452
0.0452422
0.0452389
0.0452354
0.0452317
0.0452277
0.0452235
0.0452191
0.0452145
0.0452096
0.0452046
0.0451994
0.045194
0.0451885
0.0451828
0.0451769
0.045171
0.0451649
0.0451587
0.0451524
0.045146
0.0451396
0.0451331
0.0451266
0.04512
0.0451135
0.0451069
0.0451004
0.0450939
0.0450875
0.0450812
0.0450749
0.0450688
0.0450628
0.0450569
0.0450513
0.0450458
0.0450405
0.0450355
0.0450306
0.0450372
0.045042
0.0450471
0.0450524
0.0450579
0.0450635
0.0450694
0.0450754
0.0450815
0.0450878
0.0450942
0.0451006
0.0451071
0.0451136
0.0451202
0.0451267
0.0451333
0.0451398
0.0451463
0.0451527
0.0451591
0.0451654
0.0451716
0.0451777
0.0451837
0.0451895
0.0451952
0.0452007
0.0452061
0.0452113
0.0452163
0.0452212
0.0452258
0.0452302
0.0452344
0.0452383
0.0452421
0.0452455
0.0452488
0.0452518
0.0452545
0.045257
0.0452592
0.0452611
0.0452628
0.0452642
0.0452653
0.0452661
0.0452667
0.045267
0.0452669
0.0452666
0.0452661
0.0452652
0.0452641
0.0452627
0.045261
0.045259
0.0452568
0.0452543
0.0452515
0.0452485
0.0452452
0.0452417
0.045238
0.045234
0.0452298
0.0452254
0.0452207
0.0452159
0.0452109
0.0452057
0.0452003
0.0451947
0.045189
0.0451832
0.0451772
0.0451711
0.0451649
0.0451586
0.0451522
0.0451457
0.0451392
0.0451327
0.0451261
0.0451196
0.045113
0.0451065
0.0451
0.0450936
0.0450872
0.045081
0.0450748
0.0450688
0.045063
0.0450573
0.0450518
0.0450465
0.0450414
0.0450366
0.0450433
0.0450481
0.0450532
0.0450585
0.045064
0.0450697
0.0450755
0.0450816
0.0450877
0.045094
0.0451003
0.0451068
0.0451133
0.0451198
0.0451264
0.045133
0.0451395
0.0451461
0.0451526
0.045159
0.0451654
0.0451717
0.0451779
0.045184
0.04519
0.0451959
0.0452016
0.0452071
0.0452125
0.0452177
0.0452228
0.0452276
0.0452322
0.0452366
0.0452408
0.0452448
0.0452485
0.045252
0.0452553
0.0452583
0.045261
0.0452635
0.0452657
0.0452676
0.0452693
0.0452707
0.0452718
0.0452727
0.0452732
0.0452735
0.0452735
0.0452732
0.0452726
0.0452717
0.0452706
0.0452692
0.0452675
0.0452655
0.0452633
0.0452608
0.045258
0.045255
0.0452517
0.0452482
0.0452445
0.0452405
0.0452363
0.0452318
0.0452272
0.0452223
0.0452173
0.0452121
0.0452067
0.0452011
0.0451954
0.0451895
0.0451835
0.0451774
0.0451712
0.0451649
0.0451585
0.045152
0.0451455
0.045139
0.0451324
0.0451258
0.0451192
0.0451127
0.0451062
0.0450997
0.0450934
0.0450871
0.045081
0.0450749
0.0450691
0.0450634
0.0450579
0.0450526
0.0450475
0.0450427
0.0450495
0.0450543
0.0450594
0.0450647
0.0450702
0.0450759
0.0450818
0.0450878
0.045094
0.0451002
0.0451066
0.0451131
0.0451196
0.0451261
0.0451327
0.0451393
0.0451459
0.0451525
0.045159
0.0451654
0.0451718
0.0451782
0.0451844
0.0451905
0.0451965
0.0452024
0.0452081
0.0452136
0.0452191
0.0452243
0.0452293
0.0452342
0.0452388
0.0452432
0.0452474
0.0452514
0.0452551
0.0452587
0.0452619
0.0452649
0.0452677
0.0452701
0.0452724
0.0452743
0.045276
0.0452774
0.0452785
0.0452793
0.0452799
0.0452802
0.0452801
0.0452798
0.0452793
0.0452784
0.0452773
0.0452758
0.0452741
0.0452722
0.0452699
0.0452674
0.0452647
0.0452616
0.0452584
0.0452548
0.0452511
0.0452471
0.0452428
0.0452384
0.0452337
0.0452289
0.0452238
0.0452186
0.0452132
0.0452076
0.0452019
0.045196
0.04519
0.0451839
0.0451776
0.0451713
0.0451649
0.0451584
0.0451519
0.0451453
0.0451387
0.0451322
0.0451256
0.045119
0.0451125
0.045106
0.0450997
0.0450934
0.0450872
0.0450812
0.0450753
0.0450696
0.0450641
0.0450588
0.0450538
0.045049
0.0450558
0.0450606
0.0450657
0.045071
0.0450765
0.0450822
0.0450881
0.0450942
0.0451003
0.0451066
0.045113
0.0451195
0.045126
0.0451326
0.0451392
0.0451458
0.0451524
0.0451589
0.0451655
0.045172
0.0451784
0.0451847
0.045191
0.0451971
0.0452031
0.045209
0.0452147
0.0452203
0.0452257
0.0452309
0.045236
0.0452408
0.0452455
0.0452499
0.0452541
0.0452581
0.0452619
0.0452654
0.0452687
0.0452717
0.0452744
0.0452769
0.0452791
0.0452811
0.0452828
0.0452841
0.0452853
0.0452861
0.0452867
0.0452869
0.0452869
0.0452866
0.0452861
0.0452852
0.045284
0.0452826
0.0452809
0.045279
0.0452767
0.0452742
0.0452714
0.0452684
0.0452651
0.0452616
0.0452578
0.0452538
0.0452496
0.0452451
0.0452404
0.0452356
0.0452305
0.0452253
0.0452198
0.0452142
0.0452085
0.0452026
0.0451966
0.0451904
0.0451842
0.0451778
0.0451714
0.0451649
0.0451584
0.0451518
0.0451452
0.0451386
0.045132
0.0451254
0.0451189
0.0451124
0.0451061
0.0450998
0.0450936
0.0450875
0.0450817
0.0450759
0.0450704
0.0450651
0.0450601
0.0450553
0.0450622
0.045067
0.0450721
0.0450774
0.0450829
0.0450886
0.0450945
0.0451006
0.0451068
0.0451131
0.0451195
0.045126
0.0451325
0.0451391
0.0451457
0.0451523
0.0451589
0.0451655
0.0451721
0.0451786
0.045185
0.0451913
0.0451976
0.0452037
0.0452098
0.0452157
0.0452214
0.045227
0.0452324
0.0452377
0.0452427
0.0452476
0.0452523
0.0452567
0.0452609
0.0452649
0.0452687
0.0452722
0.0452755
0.0452785
0.0452813
0.0452838
0.045286
0.045288
0.0452896
0.045291
0.0452922
0.045293
0.0452935
0.0452938
0.0452938
0.0452935
0.0452929
0.0452921
0.0452909
0.0452895
0.0452878
0.0452858
0.0452836
0.0452811
0.0452783
0.0452752
0.0452719
0.0452684
0.0452646
0.0452606
0.0452564
0.0452519
0.0452472
0.0452423
0.0452373
0.045232
0.0452266
0.045221
0.0452152
0.0452093
0.0452033
0.0451971
0.0451908
0.0451845
0.045178
0.0451715
0.045165
0.0451584
0.0451518
0.0451451
0.0451385
0.0451319
0.0451254
0.0451189
0.0451125
0.0451062
0.0451
0.045094
0.0450881
0.0450824
0.0450768
0.0450715
0.0450665
0.0450616
0.0450687
0.0450735
0.0450785
0.0450838
0.0450894
0.0450951
0.045101
0.0451071
0.0451133
0.0451196
0.045126
0.0451325
0.0451391
0.0451457
0.0451523
0.0451589
0.0451655
0.0451721
0.0451787
0.0451852
0.0451917
0.045198
0.0452043
0.0452105
0.0452165
0.0452224
0.0452282
0.0452338
0.0452392
0.0452445
0.0452496
0.0452545
0.0452591
0.0452636
0.0452678
0.0452718
0.0452756
0.0452791
0.0452824
0.0452854
0.0452882
0.0452907
0.0452929
0.0452949
0.0452966
0.045298
0.0452991
0.0453
0.0453005
0.0453008
0.0453008
0.0453005
0.0452999
0.045299
0.0452979
0.0452965
0.0452948
0.0452928
0.0452905
0.045288
0.0452852
0.0452822
0.0452789
0.0452753
0.0452715
0.0452675
0.0452632
0.0452588
0.0452541
0.0452492
0.0452441
0.0452388
0.0452334
0.0452277
0.045222
0.045216
0.04521
0.0452038
0.0451975
0.0451912
0.0451847
0.0451782
0.0451716
0.045165
0.0451584
0.0451517
0.0451451
0.0451385
0.0451319
0.0451254
0.045119
0.0451127
0.0451065
0.0451004
0.0450945
0.0450888
0.0450833
0.045078
0.0450729
0.0450681
0.0450751
0.0450799
0.045085
0.0450903
0.0450959
0.0451016
0.0451075
0.0451136
0.0451198
0.0451261
0.0451326
0.0451391
0.0451457
0.0451523
0.0451589
0.0451656
0.0451722
0.0451788
0.0451854
0.0451919
0.0451984
0.0452048
0.0452111
0.0452173
0.0452233
0.0452292
0.045235
0.0452406
0.0452461
0.0452514
0.0452565
0.0452614
0.045266
0.0452705
0.0452748
0.0452788
0.0452826
0.0452861
0.0452894
0.0452924
0.0452952
0.0452977
0.0452999
0.0453019
0.0453036
0.045305
0.0453061
0.045307
0.0453075
0.0453078
0.0453078
0.0453075
0.0453069
0.0453061
0.0453049
0.0453035
0.0453018
0.0452998
0.0452975
0.045295
0.0452922
0.0452891
0.0452858
0.0452823
0.0452785
0.0452744
0.0452702
0.0452657
0.045261
0.0452561
0.045251
0.0452457
0.0452402
0.0452346
0.0452288
0.0452228
0.0452168
0.0452106
0.0452043
0.0451979
0.0451914
0.0451849
0.0451783
0.0451717
0.045165
0.0451584
0.0451517
0.0451451
0.0451385
0.045132
0.0451256
0.0451193
0.045113
0.045107
0.0451011
0.0450953
0.0450898
0.0450845
0.0450794
0.0450746
0.0450816
0.0450864
0.0450915
0.0450968
0.0451024
0.0451081
0.0451141
0.0451202
0.0451264
0.0451327
0.0451392
0.0451457
0.0451523
0.0451589
0.0451656
0.0451722
0.0451789
0.0451855
0.0451921
0.0451987
0.0452052
0.0452116
0.0452179
0.0452241
0.0452301
0.0452361
0.0452419
0.0452475
0.045253
0.0452583
0.0452634
0.0452683
0.045273
0.0452775
0.0452817
0.0452858
0.0452896
0.0452931
0.0452964
0.0452994
0.0453022
0.0453047
0.045307
0.045309
0.0453107
0.0453121
0.0453132
0.0453141
0.0453146
0.0453149
0.0453149
0.0453146
0.045314
0.0453131
0.045312
0.0453105
0.0453088
0.0453068
0.0453046
0.045302
0.0452992
0.0452962
0.0452928
0.0452893
0.0452855
0.0452814
0.0452771
0.0452726
0.0452679
0.045263
0.0452579
0.0452526
0.0452471
0.0452414
0.0452356
0.0452297
0.0452236
0.0452174
0.0452111
0.0452047
0.0451982
0.0451916
0.045185
0.0451784
0.0451717
0.045165
0.0451584
0.0451517
0.0451452
0.0451386
0.0451322
0.0451258
0.0451196
0.0451135
0.0451076
0.0451018
0.0450963
0.045091
0.0450859
0.0450811
0.0450881
0.045093
0.045098
0.0451034
0.0451089
0.0451147
0.0451206
0.0451267
0.045133
0.0451393
0.0451458
0.0451523
0.0451589
0.0451656
0.0451722
0.0451789
0.0451856
0.0451923
0.0451989
0.0452055
0.0452119
0.0452184
0.0452247
0.0452309
0.045237
0.0452429
0.0452488
0.0452544
0.0452599
0.0452652
0.0452703
0.0452752
0.04528
0.0452844
0.0452887
0.0452928
0.0452966
0.0453001
0.0453034
0.0453065
0.0453093
0.0453118
0.045314
0.045316
0.0453177
0.0453191
0.0453203
0.0453211
0.0453217
0.045322
0.045322
0.0453217
0.0453211
0.0453202
0.045319
0.0453176
0.0453159
0.0453139
0.0453116
0.0453091
0.0453063
0.0453032
0.0452999
0.0452963
0.0452925
0.0452884
0.0452841
0.0452796
0.0452749
0.0452699
0.0452648
0.0452595
0.045254
0.0452483
0.0452425
0.0452365
0.0452304
0.0452242
0.0452179
0.0452115
0.045205
0.0451984
0.0451918
0.0451851
0.0451784
0.0451717
0.045165
0.0451584
0.0451518
0.0451452
0.0451388
0.0451324
0.0451262
0.0451201
0.0451141
0.0451084
0.0451028
0.0450975
0.0450924
0.0450876
0.0450946
0.0450995
0.0451046
0.0451099
0.0451154
0.0451212
0.0451272
0.0451333
0.0451395
0.0451459
0.0451524
0.0451589
0.0451655
0.0451722
0.0451789
0.0451856
0.0451923
0.045199
0.0452056
0.0452122
0.0452187
0.0452252
0.0452315
0.0452377
0.0452438
0.0452498
0.0452556
0.0452613
0.0452668
0.0452721
0.0452773
0.0452822
0.0452869
0.0452914
0.0452957
0.0452998
0.0453036
0.0453071
0.0453105
0.0453135
0.0453163
0.0453189
0.0453211
0.0453231
0.0453248
0.0453262
0.0453274
0.0453282
0.0453288
0.0453291
0.0453291
0.0453287
0.0453282
0.0453273
0.0453261
0.0453247
0.045323
0.0453209
0.0453187
0.0453161
0.0453133
0.0453102
0.0453069
0.0453033
0.0452995
0.0452954
0.0452911
0.0452866
0.0452818
0.0452769
0.0452717
0.0452664
0.0452609
0.0452552
0.0452494
0.0452434
0.0452373
0.045231
0.0452247
0.0452182
0.0452117
0.0452051
0.0451985
0.0451918
0.0451851
0.0451784
0.0451717
0.045165
0.0451584
0.0451518
0.0451454
0.045139
0.0451327
0.0451266
0.0451207
0.0451149
0.0451094
0.045104
0.0450989
0.0450941
0.0451011
0.0451059
0.045111
0.0451164
0.0451219
0.0451277
0.0451337
0.0451398
0.0451461
0.0451525
0.0451589
0.0451655
0.0451721
0.0451788
0.0451855
0.0451923
0.045199
0.0452057
0.0452123
0.0452189
0.0452255
0.0452319
0.0452383
0.0452445
0.0452506
0.0452566
0.0452625
0.0452682
0.0452737
0.045279
0.0452842
0.0452891
0.0452939
0.0452984
0.0453027
0.0453067
0.0453106
0.0453141
0.0453175
0.0453206
0.0453234
0.0453259
0.0453282
0.0453301
0.0453319
0.0453333
0.0453344
0.0453353
0.0453359
0.0453361
0.0453361
0.0453358
0.0453352
0.0453344
0.0453332
0.0453317
0.04533
0.045328
0.0453257
0.0453232
0.0453203
0.0453172
0.0453139
0.0453103
0.0453065
0.0453024
0.0452981
0.0452935
0.0452888
0.0452838
0.0452786
0.0452733
0.0452678
0.0452621
0.0452562
0.0452502
0.0452441
0.0452378
0.0452315
0.045225
0.0452185
0.0452118
0.0452052
0.0451985
0.0451918
0.045185
0.0451783
0.0451716
0.045165
0.0451584
0.0451519
0.0451456
0.0451393
0.0451332
0.0451272
0.0451214
0.0451159
0.0451105
0.0451054
0.0451006
0.0451076
0.0451124
0.0451175
0.0451228
0.0451284
0.0451342
0.0451402
0.0451463
0.0451526
0.045159
0.0451655
0.0451721
0.0451787
0.0451854
0.0451921
0.0451989
0.0452056
0.0452123
0.045219
0.0452256
0.0452322
0.0452386
0.045245
0.0452513
0.0452574
0.0452634
0.0452693
0.045275
0.0452805
0.0452859
0.0452911
0.045296
0.0453008
0.0453053
0.0453096
0.0453137
0.0453175
0.0453211
0.0453245
0.0453275
0.0453303
0.0453329
0.0453352
0.0453372
0.0453389
0.0453403
0.0453415
0.0453423
0.0453429
0.0453432
0.0453431
0.0453429
0.0453423
0.0453414
0.0453402
0.0453388
0.045337
0.045335
0.0453327
0.0453302
0.0453273
0.0453242
0.0453209
0.0453173
0.0453134
0.0453093
0.045305
0.0453004
0.0452957
0.0452907
0.0452855
0.0452802
0.0452746
0.0452689
0.045263
0.045257
0.0452509
0.0452446
0.0452382
0.0452317
0.0452252
0.0452185
0.0452118
0.0452051
0.0451984
0.0451916
0.0451849
0.0451782
0.0451716
0.045165
0.0451585
0.0451521
0.0451458
0.0451396
0.0451337
0.0451279
0.0451223
0.045117
0.0451119
0.0451071
0.045114
0.0451188
0.0451239
0.0451292
0.0451348
0.0451406
0.0451466
0.0451527
0.045159
0.0451654
0.045172
0.0451786
0.0451852
0.0451919
0.0451987
0.0452055
0.0452122
0.0452189
0.0452256
0.0452323
0.0452388
0.0452453
0.0452517
0.045258
0.0452642
0.0452702
0.0452761
0.0452818
0.0452873
0.0452927
0.0452979
0.0453029
0.0453076
0.0453122
0.0453165
0.0453206
0.0453244
0.045328
0.0453314
0.0453345
0.0453373
0.0453398
0.0453421
0.0453441
0.0453458
0.0453473
0.0453484
0.0453493
0.0453499
0.0453501
0.0453501
0.0453498
0.0453492
0.0453484
0.0453472
0.0453457
0.045344
0.045342
0.0453397
0.0453371
0.0453343
0.0453312
0.0453278
0.0453242
0.0453203
0.0453162
0.0453119
0.0453073
0.0453025
0.0452975
0.0452923
0.0452869
0.0452814
0.0452757
0.0452698
0.0452637
0.0452576
0.0452513
0.0452449
0.0452384
0.0452318
0.0452252
0.0452185
0.0452117
0.045205
0.0451982
0.0451915
0.0451847
0.0451781
0.0451715
0.045165
0.0451585
0.0451522
0.0451461
0.0451401
0.0451343
0.0451287
0.0451234
0.0451183
0.0451135
0.0451203
0.0451251
0.0451302
0.0451356
0.0451412
0.045147
0.0451529
0.0451591
0.0451654
0.0451718
0.0451784
0.045185
0.0451917
0.0451984
0.0452052
0.0452119
0.0452187
0.0452255
0.0452322
0.0452388
0.0452454
0.0452519
0.0452583
0.0452646
0.0452708
0.0452769
0.0452828
0.0452885
0.0452941
0.0452994
0.0453046
0.0453096
0.0453144
0.045319
0.0453233
0.0453274
0.0453313
0.0453349
0.0453382
0.0453413
0.0453442
0.0453467
0.045349
0.045351
0.0453527
0.0453542
0.0453553
0.0453562
0.0453568
0.0453571
0.045357
0.0453567
0.0453561
0.0453553
0.0453541
0.0453526
0.0453509
0.0453489
0.0453466
0.045344
0.0453411
0.045338
0.0453346
0.045331
0.0453271
0.045323
0.0453187
0.0453141
0.0453093
0.0453043
0.0452991
0.0452937
0.0452881
0.0452824
0.0452765
0.0452704
0.0452642
0.0452579
0.0452515
0.045245
0.0452384
0.0452317
0.045225
0.0452183
0.0452115
0.0452047
0.0451979
0.0451912
0.0451845
0.0451779
0.0451714
0.0451649
0.0451586
0.0451525
0.0451465
0.0451407
0.0451351
0.0451297
0.0451246
0.0451198
0.0451265
0.0451313
0.0451365
0.0451418
0.0451474
0.0451532
0.0451592
0.0451654
0.0451717
0.0451782
0.0451847
0.0451913
0.045198
0.0452048
0.0452116
0.0452184
0.0452252
0.0452319
0.0452387
0.0452453
0.0452519
0.0452585
0.0452649
0.0452712
0.0452774
0.0452835
0.0452894
0.0452951
0.0453007
0.0453061
0.0453113
0.0453163
0.0453211
0.0453257
0.04533
0.0453341
0.045338
0.0453416
0.045345
0.0453481
0.045351
0.0453535
0.0453558
0.0453578
0.0453596
0.045361
0.0453622
0.045363
0.0453636
0.0453639
0.0453639
0.0453636
0.045363
0.0453621
0.0453609
0.0453595
0.0453577
0.0453557
0.0453534
0.0453508
0.0453479
0.0453448
0.0453414
0.0453378
0.0453339
0.0453297
0.0453254
0.0453208
0.045316
0.045311
0.0453058
0.0453003
0.0452948
0.045289
0.0452831
0.045277
0.0452708
0.0452645
0.045258
0.0452515
0.0452449
0.0452382
0.0452315
0.0452247
0.0452179
0.0452111
0.0452043
0.0451976
0.0451909
0.0451842
0.0451777
0.0451712
0.0451649
0.0451587
0.0451528
0.0451469
0.0451414
0.045136
0.0451309
0.045126
0.0451327
0.0451375
0.0451426
0.045148
0.0451536
0.0451594
0.0451654
0.0451716
0.0451779
0.0451844
0.045191
0.0451976
0.0452043
0.0452111
0.0452179
0.0452247
0.0452315
0.0452383
0.045245
0.0452517
0.0452583
0.0452649
0.0452713
0.0452777
0.0452839
0.04529
0.0452959
0.0453017
0.0453072
0.0453127
0.0453179
0.0453229
0.0453277
0.0453323
0.0453367
0.0453408
0.0453447
0.0453483
0.0453517
0.0453548
0.0453577
0.0453602
0.0453625
0.0453645
0.0453663
0.0453677
0.0453689
0.0453698
0.0453703
0.0453706
0.0453706
0.0453703
0.0453697
0.0453688
0.0453676
0.0453662
0.0453644
0.0453624
0.0453601
0.0453575
0.0453546
0.0453515
0.0453481
0.0453444
0.0453405
0.0453364
0.045332
0.0453274
0.0453226
0.0453176
0.0453123
0.0453069
0.0453013
0.0452955
0.0452896
0.0452835
0.0452773
0.0452709
0.0452645
0.0452579
0.0452513
0.0452446
0.0452378
0.045231
0.0452242
0.0452174
0.0452106
0.0452039
0.0451971
0.0451905
0.0451839
0.0451775
0.0451711
0.0451649
0.0451589
0.0451531
0.0451475
0.0451422
0.045137
0.0451322
0.0451387
0.0451435
0.0451487
0.045154
0.0451596
0.0451655
0.0451715
0.0451777
0.045184
0.0451905
0.0451971
0.0452037
0.0452105
0.0452173
0.0452241
0.0452309
0.0452377
0.0452445
0.0452513
0.045258
0.0452646
0.0452712
0.0452777
0.045284
0.0452903
0.0452963
0.0453023
0.0453081
0.0453137
0.0453191
0.0453244
0.0453294
0.0453342
0.0453388
0.0453432
0.0453473
0.0453512
0.0453549
0.0453582
0.0453614
0.0453642
0.0453668
0.0453691
0.0453711
0.0453729
0.0453743
0.0453755
0.0453764
0.0453769
0.0453772
0.0453772
0.0453769
0.0453763
0.0453754
0.0453742
0.0453728
0.045371
0.045369
0.0453666
0.0453641
0.0453612
0.045358
0.0453546
0.045351
0.0453471
0.0453429
0.0453385
0.0453339
0.0453291
0.045324
0.0453188
0.0453133
0.0453077
0.0453019
0.045296
0.0452899
0.0452836
0.0452773
0.0452708
0.0452642
0.0452576
0.0452509
0.0452441
0.0452373
0.0452305
0.0452236
0.0452168
0.04521
0.0452033
0.0451966
0.04519
0.0451836
0.0451772
0.045171
0.045165
0.0451592
0.0451536
0.0451482
0.0451431
0.0451382
0.0451446
0.0451495
0.0451546
0.04516
0.0451656
0.0451714
0.0451775
0.0451837
0.04519
0.0451965
0.0452031
0.0452098
0.0452165
0.0452233
0.0452301
0.045237
0.0452438
0.0452506
0.0452574
0.0452642
0.0452708
0.0452774
0.0452839
0.0452903
0.0452965
0.0453026
0.0453086
0.0453144
0.04532
0.0453254
0.0453307
0.0453358
0.0453406
0.0453452
0.0453496
0.0453537
0.0453576
0.0453613
0.0453647
0.0453678
0.0453707
0.0453733
0.0453756
0.0453776
0.0453793
0.0453808
0.045382
0.0453828
0.0453834
0.0453837
0.0453837
0.0453834
0.0453828
0.0453819
0.0453807
0.0453793
0.0453775
0.0453754
0.0453731
0.0453705
0.0453676
0.0453645
0.0453611
0.0453574
0.0453535
0.0453493
0.0453449
0.0453403
0.0453354
0.0453304
0.0453251
0.0453197
0.045314
0.0453082
0.0453022
0.0452961
0.0452899
0.0452835
0.045277
0.0452704
0.0452637
0.045257
0.0452502
0.0452434
0.0452366
0.0452297
0.0452229
0.0452161
0.0452093
0.0452026
0.0451961
0.0451896
0.0451832
0.045177
0.045171
0.0451651
0.0451595
0.0451541
0.045149
0.0451442
0.0451504
0.0451553
0.0451604
0.0451658
0.0451714
0.0451772
0.0451833
0.0451895
0.0451959
0.0452024
0.045209
0.0452157
0.0452224
0.0452292
0.0452361
0.0452429
0.0452498
0.0452566
0.0452634
0.0452702
0.0452769
0.0452835
0.04529
0.0452964
0.0453026
0.0453087
0.0453147
0.0453205
0.0453262
0.0453316
0.0453369
0.045342
0.0453468
0.0453514
0.0453558
0.04536
0.0453639
0.0453676
0.045371
0.0453741
0.045377
0.0453796
0.0453819
0.0453839
0.0453857
0.0453872
0.0453883
0.0453892
0.0453898
0.0453901
0.0453901
0.0453898
0.0453892
0.0453883
0.0453871
0.0453856
0.0453838
0.0453818
0.0453794
0.0453768
0.0453739
0.0453708
0.0453674
0.0453637
0.0453598
0.0453556
0.0453512
0.0453465
0.0453417
0.0453366
0.0453313
0.0453258
0.0453202
0.0453144
0.0453084
0.0453022
0.045296
0.0452896
0.0452831
0.0452765
0.0452698
0.045263
0.0452562
0.0452494
0.0452425
0.0452357
0.0452288
0.045222
0.0452152
0.0452085
0.0452019
0.0451954
0.0451891
0.0451828
0.0451768
0.045171
0.0451653
0.0451599
0.0451548
0.04515
0.0451561
0.0451609
0.0451661
0.0451714
0.0451771
0.0451829
0.045189
0.0451952
0.0452016
0.0452081
0.0452147
0.0452214
0.0452282
0.045235
0.0452419
0.0452488
0.0452556
0.0452625
0.0452693
0.0452761
0.0452828
0.0452894
0.0452959
0.0453023
0.0453086
0.0453147
0.0453207
0.0453265
0.0453322
0.0453377
0.0453429
0.045348
0.0453529
0.0453575
0.0453619
0.0453661
0.04537
0.0453737
0.0453771
0.0453803
0.0453831
0.0453857
0.0453881
0.0453901
0.0453919
0.0453933
0.0453945
0.0453954
0.045396
0.0453963
0.0453963
0.045396
0.0453953
0.0453945
0.0453933
0.0453918
0.04539
0.0453879
0.0453856
0.045383
0.0453801
0.0453769
0.0453735
0.0453698
0.0453659
0.0453617
0.0453573
0.0453526
0.0453477
0.0453426
0.0453373
0.0453319
0.0453262
0.0453204
0.0453144
0.0453082
0.0453019
0.0452955
0.045289
0.0452824
0.0452757
0.0452689
0.0452621
0.0452552
0.0452483
0.0452415
0.0452346
0.0452278
0.045221
0.0452143
0.0452077
0.0452011
0.0451948
0.0451885
0.0451825
0.0451766
0.045171
0.0451656
0.0451605
0.0451556
0.0451616
0.0451664
0.0451715
0.0451769
0.0451826
0.0451884
0.0451945
0.0452007
0.0452071
0.0452136
0.0452203
0.045227
0.0452338
0.0452406
0.0452475
0.0452544
0.0452613
0.0452682
0.045275
0.0452818
0.0452885
0.0452951
0.0453017
0.0453081
0.0453144
0.0453205
0.0453265
0.0453324
0.0453381
0.0453435
0.0453488
0.0453539
0.0453588
0.0453634
0.0453679
0.0453721
0.045376
0.0453797
0.0453831
0.0453863
0.0453891
0.0453917
0.0453941
0.0453961
0.0453979
0.0453994
0.0454005
0.0454014
0.045402
0.0454023
0.0454023
0.045402
0.0454014
0.0454005
0.0453993
0.0453978
0.045396
0.045394
0.0453916
0.045389
0.0453861
0.0453829
0.0453795
0.0453758
0.0453718
0.0453676
0.0453632
0.0453585
0.0453536
0.0453485
0.0453432
0.0453377
0.0453321
0.0453262
0.0453202
0.045314
0.0453077
0.0453013
0.0452947
0.0452881
0.0452814
0.0452746
0.0452678
0.0452609
0.045254
0.0452471
0.0452402
0.0452334
0.0452266
0.0452199
0.0452132
0.0452067
0.0452003
0.0451941
0.045188
0.0451822
0.0451765
0.0451711
0.045166
0.0451611
0.0451669
0.0451717
0.0451769
0.0451823
0.0451879
0.0451938
0.0451999
0.0452061
0.0452125
0.0452191
0.0452257
0.0452324
0.0452392
0.0452461
0.045253
0.0452599
0.0452668
0.0452737
0.0452805
0.0452873
0.0452941
0.0453007
0.0453072
0.0453137
0.04532
0.0453262
0.0453322
0.0453381
0.0453437
0.0453492
0.0453546
0.0453597
0.0453645
0.0453692
0.0453736
0.0453778
0.0453818
0.0453855
0.0453889
0.0453921
0.045395
0.0453976
0.0453999
0.045402
0.0454037
0.0454052
0.0454064
0.0454073
0.0454079
0.0454082
0.0454081
0.0454078
0.0454072
0.0454063
0.0454051
0.0454036
0.0454019
0.0453998
0.0453974
0.0453948
0.0453919
0.0453887
0.0453853
0.0453816
0.0453776
0.0453734
0.0453689
0.0453643
0.0453594
0.0453543
0.0453489
0.0453434
0.0453377
0.0453319
0.0453258
0.0453196
0.0453133
0.0453069
0.0453003
0.0452937
0.0452869
0.0452801
0.0452733
0.0452664
0.0452595
0.0452526
0.0452457
0.0452388
0.045232
0.0452253
0.0452186
0.0452121
0.0452057
0.0451994
0.0451934
0.0451875
0.0451819
0.0451765
0.0451713
0.0451665
0.0451721
0.0451769
0.045182
0.0451875
0.0451931
0.045199
0.0452051
0.0452113
0.0452177
0.0452243
0.0452309
0.0452377
0.0452445
0.0452514
0.0452583
0.0452652
0.0452721
0.045279
0.0452859
0.0452927
0.0452994
0.0453061
0.0453127
0.0453191
0.0453254
0.0453316
0.0453377
0.0453435
0.0453492
0.0453548
0.0453601
0.0453652
0.0453701
0.0453748
0.0453792
0.0453834
0.0453874
0.0453911
0.0453945
0.0453977
0.0454006
0.0454032
0.0454056
0.0454076
0.0454094
0.0454109
0.045412
0.0454129
0.0454135
0.0454138
0.0454138
0.0454135
0.0454129
0.045412
0.0454108
0.0454093
0.0454075
0.0454054
0.0454031
0.0454004
0.0453975
0.0453943
0.0453909
0.0453872
0.0453832
0.045379
0.0453745
0.0453698
0.0453649
0.0453598
0.0453545
0.0453489
0.0453432
0.0453373
0.0453313
0.0453251
0.0453188
0.0453123
0.0453057
0.0452991
0.0452923
0.0452855
0.0452786
0.0452717
0.0452648
0.0452579
0.045251
0.0452441
0.0452373
0.0452305
0.0452239
0.0452173
0.0452109
0.0452047
0.0451986
0.0451927
0.045187
0.0451816
0.0451765
0.0451717
0.045177
0.0451819
0.045187
0.0451924
0.0451981
0.045204
0.0452101
0.0452163
0.0452228
0.0452293
0.045236
0.0452427
0.0452496
0.0452565
0.0452634
0.0452703
0.0452773
0.0452842
0.0452911
0.0452979
0.0453046
0.0453113
0.0453179
0.0453244
0.0453307
0.0453369
0.0453429
0.0453488
0.0453545
0.0453601
0.0453654
0.0453705
0.0453754
0.0453801
0.0453846
0.0453888
0.0453928
0.0453965
0.0453999
0.0454031
0.045406
0.0454086
0.045411
0.0454131
0.0454148
0.0454163
0.0454175
0.0454184
0.045419
0.0454193
0.0454193
0.045419
0.0454183
0.0454175
0.0454162
0.0454147
0.045413
0.0454109
0.0454085
0.0454059
0.0454029
0.0453997
0.0453963
0.0453926
0.0453886
0.0453843
0.0453799
0.0453752
0.0453703
0.0453651
0.0453598
0.0453542
0.0453485
0.0453426
0.0453366
0.0453304
0.045324
0.0453175
0.0453109
0.0453043
0.0452975
0.0452907
0.0452838
0.0452769
0.0452699
0.045263
0.0452561
0.0452492
0.0452423
0.0452356
0.0452289
0.0452224
0.0452159
0.0452097
0.0452036
0.0451977
0.045192
0.0451866
0.0451815
0.0451766
0.0451818
0.0451867
0.0451918
0.0451972
0.0452029
0.0452088
0.0452149
0.0452211
0.0452276
0.0452342
0.0452408
0.0452476
0.0452545
0.0452614
0.0452683
0.0452752
0.0452822
0.0452891
0.045296
0.0453029
0.0453096
0.0453163
0.0453229
0.0453294
0.0453357
0.045342
0.045348
0.0453539
0.0453596
0.0453652
0.0453705
0.0453757
0.0453806
0.0453853
0.0453897
0.045394
0.0453979
0.0454017
0.0454051
0.0454083
0.0454112
0.0454139
0.0454162
0.0454183
0.0454201
0.0454216
0.0454227
0.0454237
0.0454242
0.0454245
0.0454245
0.0454242
0.0454236
0.0454227
0.0454215
0.04542
0.0454182
0.0454161
0.0454137
0.0454111
0.0454081
0.0454049
0.0454015
0.0453977
0.0453938
0.0453895
0.045385
0.0453803
0.0453754
0.0453702
0.0453649
0.0453594
0.0453536
0.0453477
0.0453416
0.0453354
0.0453291
0.0453226
0.045316
0.0453093
0.0453025
0.0452956
0.0452887
0.0452818
0.0452749
0.0452679
0.045261
0.0452541
0.0452472
0.0452404
0.0452338
0.0452272
0.0452208
0.0452145
0.0452084
0.0452025
0.0451968
0.0451914
0.0451863
0.0451814
0.0451864
0.0451913
0.0451964
0.0452018
0.0452075
0.0452134
0.0452195
0.0452258
0.0452322
0.0452388
0.0452455
0.0452523
0.0452591
0.045266
0.045273
0.04528
0.0452869
0.0452939
0.0453008
0.0453076
0.0453144
0.0453211
0.0453277
0.0453342
0.0453406
0.0453468
0.0453529
0.0453588
0.0453645
0.0453701
0.0453754
0.0453806
0.0453855
0.0453902
0.0453947
0.0453989
0.0454029
0.0454067
0.0454101
0.0454133
0.0454163
0.0454189
0.0454212
0.0454233
0.0454251
0.0454266
0.0454278
0.0454287
0.0454293
0.0454296
0.0454295
0.0454292
0.0454286
0.0454277
0.0454265
0.045425
0.0454232
0.0454211
0.0454187
0.0454161
0.0454132
0.0454099
0.0454065
0.0454027
0.0453987
0.0453945
0.04539
0.0453853
0.0453803
0.0453752
0.0453698
0.0453642
0.0453585
0.0453526
0.0453465
0.0453402
0.0453339
0.0453274
0.0453208
0.0453141
0.0453073
0.0453004
0.0452935
0.0452865
0.0452796
0.0452726
0.0452657
0.0452587
0.0452519
0.0452451
0.0452384
0.0452318
0.0452254
0.0452191
0.045213
0.0452071
0.0452014
0.045196
0.0451909
0.045186
0.0451908
0.0451956
0.0452008
0.0452062
0.0452119
0.0452178
0.0452239
0.0452302
0.0452366
0.0452432
0.0452499
0.0452567
0.0452636
0.0452705
0.0452775
0.0452845
0.0452914
0.0452984
0.0453053
0.0453122
0.045319
0.0453257
0.0453323
0.0453388
0.0453452
0.0453514
0.0453575
0.0453634
0.0453692
0.0453748
0.0453801
0.0453853
0.0453902
0.045395
0.0453994
0.0454037
0.0454077
0.0454114
0.0454149
0.0454181
0.045421
0.0454237
0.045426
0.0454281
0.0454299
0.0454314
0.0454326
0.0454335
0.0454341
0.0454344
0.0454343
0.045434
0.0454334
0.0454325
0.0454313
0.0454298
0.045428
0.0454259
0.0454235
0.0454209
0.0454179
0.0454147
0.0454112
0.0454075
0.0454035
0.0453992
0.0453947
0.04539
0.045385
0.0453799
0.0453745
0.0453689
0.0453632
0.0453572
0.0453511
0.0453449
0.0453385
0.045332
0.0453253
0.0453186
0.0453118
0.045305
0.045298
0.0452911
0.0452841
0.0452771
0.0452701
0.0452632
0.0452563
0.0452495
0.0452428
0.0452363
0.0452298
0.0452235
0.0452174
0.0452115
0.0452058
0.0452004
0.0451952
0.0451904
0.0451949
0.0451998
0.0452049
0.0452104
0.0452161
0.045222
0.0452281
0.0452344
0.0452408
0.0452474
0.0452541
0.0452609
0.0452678
0.0452748
0.0452817
0.0452887
0.0452957
0.0453027
0.0453096
0.0453165
0.0453233
0.04533
0.0453367
0.0453432
0.0453496
0.0453558
0.0453619
0.0453679
0.0453736
0.0453792
0.0453846
0.0453898
0.0453947
0.0453994
0.0454039
0.0454082
0.0454122
0.0454159
0.0454194
0.0454226
0.0454255
0.0454282
0.0454306
0.0454327
0.0454344
0.0454359
0.0454371
0.045438
0.0454386
0.0454389
0.0454389
0.0454386
0.045438
0.0454371
0.0454359
0.0454344
0.0454326
0.0454305
0.0454281
0.0454254
0.0454224
0.0454192
0.0454157
0.045412
0.045408
0.0454037
0.0453992
0.0453945
0.0453895
0.0453843
0.0453789
0.0453733
0.0453676
0.0453616
0.0453555
0.0453493
0.0453429
0.0453363
0.0453297
0.045323
0.0453162
0.0453093
0.0453023
0.0452954
0.0452884
0.0452814
0.0452744
0.0452675
0.0452606
0.0452538
0.0452471
0.0452405
0.045234
0.0452277
0.0452216
0.0452157
0.04521
0.0452046
0.0451994
0.0451946
0.0451989
0.0452037
0.0452089
0.0452143
0.04522
0.0452259
0.045232
0.0452383
0.0452448
0.0452514
0.0452581
0.0452649
0.0452718
0.0452788
0.0452858
0.0452928
0.0452998
0.0453067
0.0453137
0.0453206
0.0453274
0.0453341
0.0453408
0.0453473
0.0453537
0.04536
0.0453661
0.045372
0.0453778
0.0453834
0.0453888
0.045394
0.0453989
0.0454037
0.0454082
0.0454124
0.0454164
0.0454202
0.0454237
0.0454269
0.0454298
0.0454325
0.0454349
0.045437
0.0454387
0.0454402
0.0454414
0.0454424
0.0454429
0.0454432
0.0454432
0.0454429
0.0454423
0.0454414
0.0454402
0.0454387
0.0454369
0.0454348
0.0454324
0.0454297
0.0454268
0.0454235
0.04542
0.0454163
0.0454122
0.045408
0.0454034
0.0453987
0.0453937
0.0453885
0.0453831
0.0453775
0.0453718
0.0453658
0.0453597
0.0453534
0.045347
0.0453405
0.0453338
0.0453271
0.0453202
0.0453133
0.0453064
0.0452994
0.0452924
0.0452854
0.0452784
0.0452715
0.0452646
0.0452578
0.045251
0.0452444
0.045238
0.0452317
0.0452255
0.0452196
0.0452139
0.0452085
0.0452033
0.0451985
0.0452026
0.0452074
0.0452126
0.045218
0.0452237
0.0452296
0.0452357
0.0452421
0.0452485
0.0452551
0.0452619
0.0452687
0.0452756
0.0452826
0.0452896
0.0452966
0.0453036
0.0453106
0.0453175
0.0453244
0.0453313
0.045338
0.0453447
0.0453512
0.0453576
0.0453639
0.04537
0.045376
0.0453818
0.0453874
0.0453928
0.0453979
0.0454029
0.0454077
0.0454122
0.0454164
0.0454205
0.0454242
0.0454277
0.0454309
0.0454339
0.0454365
0.0454389
0.045441
0.0454428
0.0454443
0.0454455
0.0454464
0.045447
0.0454473
0.0454473
0.045447
0.0454464
0.0454455
0.0454442
0.0454427
0.0454409
0.0454388
0.0454364
0.0454337
0.0454308
0.0454275
0.045424
0.0454203
0.0454162
0.045412
0.0454074
0.0454027
0.0453977
0.0453925
0.0453871
0.0453815
0.0453757
0.0453697
0.0453636
0.0453573
0.0453509
0.0453444
0.0453377
0.0453309
0.0453241
0.0453172
0.0453102
0.0453032
0.0452962
0.0452892
0.0452822
0.0452753
0.0452683
0.0452615
0.0452548
0.0452482
0.0452417
0.0452354
0.0452293
0.0452233
0.0452176
0.0452122
0.0452071
0.0452022
0.045206
0.0452109
0.045216
0.0452215
0.0452272
0.0452331
0.0452392
0.0452455
0.045252
0.0452586
0.0452654
0.0452722
0.0452791
0.0452861
0.0452931
0.0453001
0.0453071
0.0453141
0.0453211
0.045328
0.0453349
0.0453416
0.0453483
0.0453549
0.0453613
0.0453676
0.0453737
0.0453797
0.0453855
0.0453911
0.0453965
0.0454017
0.0454066
0.0454114
0.0454159
0.0454202
0.0454242
0.045428
0.0454315
0.0454347
0.0454376
0.0454403
0.0454427
0.0454448
0.0454466
0.0454481
0.0454493
0.0454502
0.0454508
0.0454511
0.0454511
0.0454508
0.0454502
0.0454493
0.045448
0.0454465
0.0454447
0.0454426
0.0454402
0.0454375
0.0454346
0.0454313
0.0454278
0.045424
0.04542
0.0454157
0.0454112
0.0454064
0.0454014
0.0453962
0.0453908
0.0453852
0.0453794
0.0453734
0.0453673
0.045361
0.0453545
0.045348
0.0453413
0.0453346
0.0453277
0.0453208
0.0453138
0.0453068
0.0452998
0.0452928
0.0452858
0.0452788
0.0452719
0.045265
0.0452583
0.0452517
0.0452452
0.0452389
0.0452327
0.0452268
0.0452211
0.0452157
0.0452105
0.0452057
0.0452092
0.0452141
0.0452192
0.0452247
0.0452304
0.0452363
0.0452425
0.0452488
0.0452553
0.0452619
0.0452687
0.0452755
0.0452824
0.0452894
0.0452964
0.0453034
0.0453105
0.0453175
0.0453244
0.0453314
0.0453382
0.045345
0.0453517
0.0453582
0.0453647
0.045371
0.0453771
0.0453831
0.0453889
0.0453945
0.0453999
0.0454051
0.0454101
0.0454149
0.0454194
0.0454237
0.0454277
0.0454315
0.045435
0.0454382
0.0454412
0.0454438
0.0454462
0.0454483
0.0454501
0.0454516
0.0454528
0.0454537
0.0454543
0.0454546
0.0454546
0.0454543
0.0454537
0.0454528
0.0454516
0.04545
0.0454482
0.0454461
0.0454437
0.045441
0.0454381
0.0454348
0.0454313
0.0454275
0.0454235
0.0454192
0.0454147
0.0454099
0.0454049
0.0453997
0.0453943
0.0453886
0.0453828
0.0453768
0.0453707
0.0453644
0.0453579
0.0453514
0.0453447
0.0453379
0.0453311
0.0453241
0.0453171
0.0453101
0.0453031
0.0452961
0.0452891
0.0452821
0.0452752
0.0452683
0.0452616
0.0452549
0.0452484
0.0452421
0.045236
0.0452301
0.0452243
0.0452189
0.0452137
0.0452089
0.0452122
0.0452171
0.0452222
0.0452277
0.0452334
0.0452393
0.0452454
0.0452518
0.0452583
0.0452649
0.0452717
0.0452785
0.0452855
0.0452924
0.0452994
0.0453065
0.0453135
0.0453206
0.0453275
0.0453345
0.0453413
0.0453481
0.0453548
0.0453614
0.0453678
0.0453741
0.0453803
0.0453863
0.0453921
0.0453977
0.0454031
0.0454083
0.0454133
0.0454181
0.0454226
0.0454269
0.0454309
0.0454347
0.0454382
0.0454414
0.0454444
0.0454471
0.0454495
0.0454516
0.0454534
0.0454549
0.0454561
0.045457
0.0454576
0.0454579
0.0454579
0.0454576
0.045457
0.0454561
0.0454548
0.0454533
0.0454515
0.0454494
0.045447
0.0454443
0.0454413
0.045438
0.0454345
0.0454307
0.0454267
0.0454224
0.0454179
0.0454131
0.0454081
0.0454029
0.0453974
0.0453918
0.045386
0.04538
0.0453738
0.0453675
0.0453611
0.0453545
0.0453478
0.045341
0.0453341
0.0453272
0.0453202
0.0453132
0.0453062
0.0452991
0.0452921
0.0452851
0.0452782
0.0452713
0.0452646
0.0452579
0.0452514
0.0452451
0.045239
0.045233
0.0452273
0.0452219
0.0452167
0.0452119
0.0452149
0.0452198
0.0452249
0.0452304
0.0452361
0.045242
0.0452482
0.0452545
0.045261
0.0452677
0.0452744
0.0452813
0.0452882
0.0452952
0.0453022
0.0453093
0.0453163
0.0453234
0.0453304
0.0453373
0.0453442
0.0453509
0.0453576
0.0453642
0.0453707
0.045377
0.0453831
0.0453891
0.0453949
0.0454006
0.045406
0.0454112
0.0454162
0.045421
0.0454255
0.0454298
0.0454339
0.0454376
0.0454412
0.0454444
0.0454474
0.04545
0.0454524
0.0454545
0.0454564
0.0454579
0.0454591
0.04546
0.0454606
0.0454609
0.0454609
0.0454606
0.0454599
0.045459
0.0454578
0.0454563
0.0454545
0.0454523
0.0454499
0.0454472
0.0454443
0.045441
0.0454375
0.0454337
0.0454296
0.0454253
0.0454208
0.045416
0.045411
0.0454058
0.0454003
0.0453947
0.0453889
0.0453829
0.0453767
0.0453704
0.0453639
0.0453573
0.0453506
0.0453438
0.045337
0.04533
0.045323
0.045316
0.045309
0.0453019
0.0452949
0.0452879
0.0452809
0.0452741
0.0452673
0.0452607
0.0452542
0.0452478
0.0452417
0.0452358
0.04523
0.0452246
0.0452194
0.0452146
0.0452174
0.0452222
0.0452274
0.0452328
0.0452386
0.0452445
0.0452506
0.045257
0.0452635
0.0452701
0.0452769
0.0452838
0.0452907
0.0452977
0.0453047
0.0453118
0.0453189
0.0453259
0.0453329
0.0453398
0.0453467
0.0453535
0.0453602
0.0453668
0.0453733
0.0453796
0.0453857
0.0453917
0.0453976
0.0454032
0.0454086
0.0454139
0.0454189
0.0454237
0.0454282
0.0454325
0.0454365
0.0454403
0.0454438
0.0454471
0.0454501
0.0454527
0.0454551
0.0454572
0.045459
0.0454606
0.0454618
0.0454627
0.0454633
0.0454636
0.0454636
0.0454633
0.0454627
0.0454617
0.0454605
0.045459
0.0454572
0.045455
0.0454526
0.0454499
0.0454469
0.0454437
0.0454402
0.0454364
0.0454323
0.045428
0.0454234
0.0454187
0.0454136
0.0454084
0.045403
0.0453973
0.0453915
0.0453855
0.0453793
0.045373
0.0453665
0.0453599
0.0453532
0.0453464
0.0453395
0.0453326
0.0453256
0.0453185
0.0453115
0.0453044
0.0452974
0.0452904
0.0452834
0.0452766
0.0452698
0.0452632
0.0452566
0.0452503
0.0452442
0.0452382
0.0452325
0.0452271
0.0452219
0.045217
0.0452195
0.0452244
0.0452296
0.045235
0.0452407
0.0452467
0.0452528
0.0452592
0.0452657
0.0452724
0.0452791
0.045286
0.045293
0.0453
0.045307
0.0453141
0.0453211
0.0453282
0.0453352
0.0453421
0.045349
0.0453558
0.0453625
0.0453691
0.0453756
0.0453819
0.0453881
0.0453941
0.0453999
0.0454056
0.045411
0.0454162
0.0454212
0.045426
0.0454306
0.0454349
0.0454389
0.0454427
0.0454462
0.0454495
0.0454524
0.0454551
0.0454575
0.0454596
0.0454614
0.045463
0.0454642
0.0454651
0.0454657
0.045466
0.045466
0.0454657
0.045465
0.0454641
0.0454629
0.0454614
0.0454596
0.0454574
0.045455
0.0454523
0.0454493
0.0454461
0.0454425
0.0454387
0.0454347
0.0454304
0.0454258
0.045421
0.045416
0.0454108
0.0454053
0.0453997
0.0453938
0.0453878
0.0453816
0.0453753
0.0453688
0.0453622
0.0453555
0.0453487
0.0453418
0.0453349
0.0453278
0.0453208
0.0453137
0.0453067
0.0452996
0.0452926
0.0452857
0.0452788
0.045272
0.0452654
0.0452589
0.0452525
0.0452463
0.0452404
0.0452347
0.0452292
0.0452241
0.0452192
0.0452215
0.0452263
0.0452315
0.045237
0.0452427
0.0452486
0.0452548
0.0452611
0.0452676
0.0452743
0.0452811
0.0452879
0.0452949
0.0453019
0.045309
0.045316
0.0453231
0.0453301
0.0453372
0.0453441
0.045351
0.0453578
0.0453645
0.0453711
0.0453776
0.0453839
0.0453901
0.0453961
0.045402
0.0454076
0.045413
0.0454183
0.0454233
0.0454281
0.0454326
0.045437
0.045441
0.0454448
0.0454483
0.0454516
0.0454546
0.0454572
0.0454596
0.0454617
0.0454636
0.0454651
0.0454663
0.0454672
0.0454678
0.0454681
0.0454681
0.0454678
0.0454672
0.0454662
0.045465
0.0454635
0.0454616
0.0454596
0.0454571
0.0454544
0.0454514
0.0454482
0.0454446
0.0454408
0.0454368
0.0454325
0.0454279
0.0454231
0.0454181
0.0454128
0.0454074
0.0454017
0.0453959
0.0453899
0.0453837
0.0453773
0.0453708
0.0453643
0.0453575
0.0453507
0.0453438
0.0453368
0.0453298
0.0453228
0.0453157
0.0453086
0.0453016
0.0452946
0.0452876
0.0452808
0.045274
0.0452673
0.0452608
0.0452544
0.0452483
0.0452424
0.0452366
0.0452312
0.045226
0.0452211
0.0452231
0.045228
0.0452331
0.0452386
0.0452443
0.0452503
0.0452565
0.0452628
0.0452693
0.045276
0.0452828
0.0452896
0.0452966
0.0453036
0.0453107
0.0453177
0.0453248
0.0453319
0.0453389
0.0453458
0.0453527
0.0453596
0.0453663
0.0453729
0.0453794
0.0453857
0.0453919
0.0453979
0.0454037
0.0454094
0.0454148
0.0454201
0.0454251
0.0454299
0.0454344
0.0454387
0.0454428
0.0454466
0.0454501
0.0454534
0.0454563
0.0454591
0.0454615
0.0454636
0.0454654
0.0454669
0.0454681
0.045469
0.0454696
0.0454699
0.0454699
0.0454696
0.045469
0.0454681
0.0454668
0.0454653
0.0454635
0.0454614
0.0454589
0.0454562
0.0454532
0.04545
0.0454464
0.0454426
0.0454386
0.0454343
0.0454297
0.0454249
0.0454198
0.0454146
0.0454092
0.0454035
0.0453976
0.0453916
0.0453854
0.0453791
0.0453726
0.045366
0.0453593
0.0453524
0.0453455
0.0453386
0.0453315
0.0453245
0.0453174
0.0453103
0.0453033
0.0452963
0.0452893
0.0452824
0.0452757
0.045269
0.0452625
0.0452561
0.0452499
0.045244
0.0452383
0.0452328
0.0452277
0.0452228
0.0452245
0.0452294
0.0452345
0.04524
0.0452457
0.0452517
0.0452578
0.0452642
0.0452707
0.0452774
0.0452842
0.045291
0.045298
0.045305
0.0453121
0.0453191
0.0453262
0.0453333
0.0453403
0.0453473
0.0453542
0.045361
0.0453677
0.0453743
0.0453808
0.0453872
0.0453933
0.0453994
0.0454052
0.0454109
0.0454163
0.0454216
0.0454266
0.0454314
0.0454359
0.0454402
0.0454443
0.0454481
0.0454516
0.0454549
0.0454579
0.0454606
0.045463
0.0454651
0.0454669
0.0454684
0.0454696
0.0454705
0.0454711
0.0454714
0.0454714
0.0454711
0.0454705
0.0454696
0.0454684
0.0454668
0.045465
0.0454629
0.0454604
0.0454577
0.0454548
0.0454515
0.0454479
0.0454441
0.0454401
0.0454357
0.0454312
0.0454264
0.0454213
0.0454161
0.0454106
0.045405
0.0453991
0.0453931
0.0453869
0.0453805
0.045374
0.0453674
0.0453607
0.0453539
0.045347
0.04534
0.045333
0.0453259
0.0453188
0.0453118
0.0453047
0.0452977
0.0452907
0.0452838
0.0452771
0.0452704
0.0452639
0.0452575
0.0452513
0.0452454
0.0452397
0.0452342
0.045229
0.0452242
0.0452256
0.0452305
0.0452356
0.0452411
0.0452468
0.0452528
0.0452589
0.0452653
0.0452718
0.0452785
0.0452853
0.0452922
0.0452991
0.0453061
0.0453132
0.0453203
0.0453274
0.0453344
0.0453414
0.0453484
0.0453553
0.0453622
0.0453689
0.0453755
0.045382
0.0453883
0.0453945
0.0454005
0.0454064
0.045412
0.0454175
0.0454228
0.0454278
0.0454326
0.0454371
0.0454414
0.0454455
0.0454493
0.0454528
0.0454561
0.0454591
0.0454618
0.0454642
0.0454663
0.0454681
0.0454696
0.0454709
0.0454718
0.0454724
0.0454727
0.0454727
0.0454723
0.0454717
0.0454708
0.0454696
0.045468
0.0454662
0.0454641
0.0454617
0.045459
0.045456
0.0454527
0.0454491
0.0454453
0.0454413
0.0454369
0.0454324
0.0454276
0.0454225
0.0454173
0.0454118
0.0454061
0.0454003
0.0453943
0.0453881
0.0453817
0.0453752
0.0453686
0.0453619
0.045355
0.0453481
0.0453411
0.0453341
0.0453271
0.04532
0.0453129
0.0453058
0.0452988
0.0452918
0.0452849
0.0452782
0.0452715
0.045265
0.0452586
0.0452524
0.0452465
0.0452408
0.0452353
0.0452301
0.0452253
0.0452264
0.0452313
0.0452365
0.0452419
0.0452477
0.0452536
0.0452598
0.0452661
0.0452727
0.0452793
0.0452861
0.045293
0.0453
0.045307
0.0453141
0.0453211
0.0453282
0.0453353
0.0453423
0.0453493
0.0453562
0.045363
0.0453698
0.0453764
0.0453829
0.0453892
0.0453954
0.0454014
0.0454073
0.0454129
0.0454184
0.0454236
0.0454287
0.0454335
0.045438
0.0454423
0.0454464
0.0454502
0.0454537
0.045457
0.04546
0.0454627
0.0454651
0.0454672
0.045469
0.0454705
0.0454718
0.0454727
0.0454733
0.0454736
0.0454736
0.0454733
0.0454726
0.0454717
0.0454705
0.045469
0.0454671
0.045465
0.0454626
0.0454599
0.0454569
0.0454536
0.0454501
0.0454462
0.0454422
0.0454378
0.0454333
0.0454285
0.0454234
0.0454182
0.0454127
0.045407
0.0454012
0.0453951
0.0453889
0.0453826
0.0453761
0.0453695
0.0453627
0.0453559
0.045349
0.045342
0.045335
0.0453279
0.0453208
0.0453137
0.0453067
0.0452997
0.0452927
0.0452858
0.045279
0.0452723
0.0452658
0.0452595
0.0452533
0.0452473
0.0452416
0.0452361
0.045231
0.0452261
0.045227
0.0452318
0.045237
0.0452425
0.0452482
0.0452541
0.0452603
0.0452667
0.0452732
0.0452799
0.0452867
0.0452936
0.0453005
0.0453075
0.0453146
0.0453217
0.0453288
0.0453358
0.0453429
0.0453499
0.0453568
0.0453636
0.0453703
0.0453769
0.0453834
0.0453898
0.045396
0.045402
0.0454079
0.0454135
0.045419
0.0454242
0.0454293
0.0454341
0.0454386
0.0454429
0.045447
0.0454508
0.0454543
0.0454576
0.0454606
0.0454633
0.0454657
0.0454678
0.0454696
0.0454711
0.0454724
0.0454733
0.0454739
0.0454742
0.0454742
0.0454739
0.0454732
0.0454723
0.0454711
0.0454696
0.0454677
0.0454656
0.0454632
0.0454605
0.0454575
0.0454542
0.0454507
0.0454468
0.0454428
0.0454384
0.0454339
0.0454291
0.045424
0.0454188
0.0454133
0.0454076
0.0454018
0.0453957
0.0453895
0.0453832
0.0453767
0.04537
0.0453633
0.0453565
0.0453496
0.0453426
0.0453355
0.0453285
0.0453214
0.0453143
0.0453072
0.0453002
0.0452932
0.0452863
0.0452796
0.0452729
0.0452664
0.04526
0.0452538
0.0452479
0.0452421
0.0452367
0.0452315
0.0452267
0.0452272
0.0452321
0.0452373
0.0452427
0.0452485
0.0452544
0.0452606
0.045267
0.0452735
0.0452801
0.0452869
0.0452938
0.0453008
0.0453078
0.0453149
0.045322
0.0453291
0.0453361
0.0453432
0.0453501
0.0453571
0.0453639
0.0453706
0.0453772
0.0453837
0.0453901
0.0453963
0.0454023
0.0454082
0.0454138
0.0454193
0.0454245
0.0454296
0.0454344
0.0454389
0.0454432
0.0454473
0.0454511
0.0454546
0.0454579
0.0454609
0.0454636
0.045466
0.0454681
0.0454699
0.0454714
0.0454727
0.0454736
0.0454742
0.0454745
0.0454745
0.0454742
0.0454735
0.0454726
0.0454714
0.0454699
0.045468
0.0454659
0.0454635
0.0454608
0.0454578
0.0454545
0.045451
0.0454471
0.0454431
0.0454387
0.0454342
0.0454294
0.0454243
0.0454191
0.0454136
0.0454079
0.0454021
0.045396
0.0453898
0.0453835
0.045377
0.0453703
0.0453636
0.0453568
0.0453499
0.0453429
0.0453358
0.0453288
0.0453217
0.0453146
0.0453075
0.0453005
0.0452935
0.0452866
0.0452798
0.0452732
0.0452666
0.0452603
0.0452541
0.0452482
0.0452424
0.045237
0.0452318
0.0452269
0.0452272
0.0452321
0.0452373
0.0452427
0.0452485
0.0452544
0.0452606
0.0452669
0.0452735
0.0452801
0.0452869
0.0452938
0.0453008
0.0453078
0.0453149
0.045322
0.0453291
0.0453361
0.0453432
0.0453501
0.045357
0.0453639
0.0453706
0.0453772
0.0453837
0.0453901
0.0453963
0.0454023
0.0454081
0.0454138
0.0454193
0.0454245
0.0454296
0.0454344
0.0454389
0.0454432
0.0454473
0.0454511
0.0454546
0.0454579
0.0454609
0.0454636
0.045466
0.0454681
0.0454699
0.0454714
0.0454727
0.0454736
0.0454742
0.0454745
0.0454745
0.0454742
0.0454735
0.0454726
0.0454714
0.0454699
0.045468
0.0454659
0.0454635
0.0454608
0.0454578
0.0454545
0.0454509
0.0454471
0.0454431
0.0454387
0.0454342
0.0454293
0.0454243
0.045419
0.0454136
0.0454079
0.045402
0.045396
0.0453898
0.0453834
0.045377
0.0453703
0.0453636
0.0453568
0.0453498
0.0453429
0.0453358
0.0453287
0.0453217
0.0453146
0.0453075
0.0453005
0.0452935
0.0452866
0.0452798
0.0452732
0.0452666
0.0452603
0.0452541
0.0452481
0.0452424
0.045237
0.0452318
0.0452269
0.0452269
0.0452318
0.045237
0.0452424
0.0452481
0.0452541
0.0452603
0.0452666
0.0452732
0.0452798
0.0452866
0.0452935
0.0453005
0.0453075
0.0453146
0.0453217
0.0453287
0.0453358
0.0453428
0.0453498
0.0453567
0.0453636
0.0453703
0.0453769
0.0453834
0.0453898
0.0453959
0.045402
0.0454078
0.0454135
0.045419
0.0454242
0.0454292
0.045434
0.0454386
0.0454429
0.045447
0.0454508
0.0454543
0.0454576
0.0454606
0.0454633
0.0454657
0.0454678
0.0454696
0.0454711
0.0454723
0.0454733
0.0454739
0.0454742
0.0454742
0.0454738
0.0454732
0.0454723
0.0454711
0.0454695
0.0454677
0.0454656
0.0454632
0.0454604
0.0454575
0.0454542
0.0454506
0.0454468
0.0454427
0.0454384
0.0454338
0.045429
0.045424
0.0454187
0.0454133
0.0454076
0.0454017
0.0453957
0.0453895
0.0453831
0.0453766
0.04537
0.0453633
0.0453565
0.0453495
0.0453425
0.0453355
0.0453284
0.0453214
0.0453143
0.0453072
0.0453002
0.0452932
0.0452863
0.0452795
0.0452729
0.0452663
0.04526
0.0452538
0.0452478
0.0452421
0.0452367
0.0452315
0.0452266
0.0452264
0.0452312
0.0452364
0.0452419
0.0452476
0.0452535
0.0452597
0.0452661
0.0452726
0.0452793
0.045286
0.0452929
0.0452999
0.0453069
0.045314
0.0453211
0.0453282
0.0453352
0.0453423
0.0453492
0.0453562
0.045363
0.0453697
0.0453763
0.0453828
0.0453892
0.0453954
0.0454014
0.0454072
0.0454129
0.0454184
0.0454236
0.0454286
0.0454334
0.045438
0.0454423
0.0454464
0.0454502
0.0454537
0.045457
0.04546
0.0454626
0.0454651
0.0454672
0.045469
0.0454705
0.0454717
0.0454726
0.0454732
0.0454735
0.0454735
0.0454732
0.0454726
0.0454717
0.0454705
0.0454689
0.0454671
0.045465
0.0454625
0.0454598
0.0454568
0.0454536
0.04545
0.0454462
0.0454421
0.0454378
0.0454332
0.0454284
0.0454234
0.0454181
0.0454127
0.045407
0.0454011
0.0453951
0.0453889
0.0453825
0.0453761
0.0453694
0.0453627
0.0453559
0.0453489
0.045342
0.0453349
0.0453279
0.0453208
0.0453137
0.0453066
0.0452996
0.0452926
0.0452857
0.045279
0.0452723
0.0452658
0.0452594
0.0452532
0.0452473
0.0452415
0.0452361
0.0452309
0.045226
0.0452255
0.0452304
0.0452355
0.045241
0.0452467
0.0452527
0.0452588
0.0452652
0.0452717
0.0452784
0.0452852
0.0452921
0.045299
0.0453061
0.0453131
0.0453202
0.0453273
0.0453344
0.0453414
0.0453483
0.0453553
0.0453621
0.0453688
0.0453754
0.0453819
0.0453883
0.0453945
0.0454005
0.0454063
0.045412
0.0454174
0.0454227
0.0454277
0.0454325
0.0454371
0.0454414
0.0454455
0.0454493
0.0454528
0.045456
0.045459
0.0454617
0.0454641
0.0454662
0.0454681
0.0454696
0.0454708
0.0454717
0.0454723
0.0454726
0.0454726
0.0454723
0.0454717
0.0454708
0.0454695
0.045468
0.0454662
0.045464
0.0454616
0.0454589
0.0454559
0.0454527
0.0454491
0.0454453
0.0454412
0.0454369
0.0454323
0.0454275
0.0454225
0.0454172
0.0454117
0.0454061
0.0454002
0.0453942
0.045388
0.0453816
0.0453752
0.0453685
0.0453618
0.045355
0.0453481
0.0453411
0.045334
0.045327
0.0453199
0.0453128
0.0453057
0.0452987
0.0452918
0.0452849
0.0452781
0.0452714
0.0452649
0.0452585
0.0452524
0.0452464
0.0452407
0.0452352
0.0452301
0.0452252
0.0452244
0.0452292
0.0452344
0.0452399
0.0452456
0.0452516
0.0452577
0.0452641
0.0452706
0.0452773
0.0452841
0.0452909
0.0452979
0.0453049
0.045312
0.0453191
0.0453261
0.0453332
0.0453402
0.0453472
0.0453541
0.0453609
0.0453676
0.0453742
0.0453807
0.0453871
0.0453933
0.0453993
0.0454051
0.0454108
0.0454162
0.0454215
0.0454265
0.0454313
0.0454359
0.0454402
0.0454442
0.045448
0.0454516
0.0454548
0.0454578
0.0454605
0.0454629
0.045465
0.0454668
0.0454684
0.0454696
0.0454705
0.0454711
0.0454714
0.0454714
0.0454711
0.0454704
0.0454695
0.0454683
0.0454668
0.0454649
0.0454628
0.0454604
0.0454577
0.0454547
0.0454514
0.0454479
0.0454441
0.04544
0.0454357
0.0454311
0.0454263
0.0454213
0.045416
0.0454105
0.0454049
0.045399
0.045393
0.0453868
0.0453805
0.045374
0.0453674
0.0453606
0.0453538
0.0453469
0.0453399
0.0453329
0.0453258
0.0453187
0.0453117
0.0453046
0.0452976
0.0452906
0.0452837
0.0452769
0.0452703
0.0452637
0.0452574
0.0452512
0.0452453
0.0452395
0.0452341
0.0452289
0.0452241
0.045223
0.0452278
0.045233
0.0452385
0.0452442
0.0452501
0.0452563
0.0452627
0.0452692
0.0452758
0.0452826
0.0452895
0.0452965
0.0453035
0.0453105
0.0453176
0.0453247
0.0453317
0.0453388
0.0453457
0.0453526
0.0453594
0.0453662
0.0453728
0.0453793
0.0453856
0.0453918
0.0453978
0.0454036
0.0454093
0.0454148
0.04542
0.045425
0.0454298
0.0454344
0.0454387
0.0454427
0.0454465
0.0454501
0.0454533
0.0454563
0.045459
0.0454614
0.0454635
0.0454653
0.0454668
0.045468
0.045469
0.0454696
0.0454699
0.0454699
0.0454695
0.0454689
0.045468
0.0454668
0.0454652
0.0454634
0.0454613
0.0454589
0.0454562
0.0454532
0.0454499
0.0454464
0.0454426
0.0454385
0.0454342
0.0454296
0.0454248
0.0454198
0.0454145
0.0454091
0.0454034
0.0453975
0.0453915
0.0453853
0.045379
0.0453725
0.0453659
0.0453591
0.0453523
0.0453454
0.0453385
0.0453314
0.0453244
0.0453173
0.0453102
0.0453032
0.0452961
0.0452892
0.0452823
0.0452755
0.0452689
0.0452623
0.045256
0.0452498
0.0452439
0.0452381
0.0452327
0.0452275
0.0452227
0.0452213
0.0452262
0.0452313
0.0452368
0.0452425
0.0452485
0.0452546
0.045261
0.0452675
0.0452741
0.0452809
0.0452878
0.0452948
0.0453018
0.0453088
0.0453159
0.045323
0.04533
0.045337
0.045344
0.0453509
0.0453577
0.0453644
0.045371
0.0453775
0.0453838
0.04539
0.045396
0.0454018
0.0454075
0.0454129
0.0454182
0.0454232
0.045428
0.0454325
0.0454369
0.0454409
0.0454447
0.0454482
0.0454515
0.0454545
0.0454571
0.0454596
0.0454617
0.0454635
0.045465
0.0454662
0.0454671
0.0454677
0.045468
0.045468
0.0454677
0.0454671
0.0454662
0.0454649
0.0454634
0.0454616
0.0454595
0.045457
0.0454543
0.0454513
0.0454481
0.0454445
0.0454408
0.0454367
0.0454324
0.0454278
0.045423
0.045418
0.0454127
0.0454073
0.0454016
0.0453958
0.0453897
0.0453836
0.0453772
0.0453707
0.0453641
0.0453574
0.0453506
0.0453437
0.0453367
0.0453297
0.0453226
0.0453156
0.0453085
0.0453014
0.0452944
0.0452875
0.0452806
0.0452738
0.0452672
0.0452607
0.0452543
0.0452481
0.0452422
0.0452365
0.045231
0.0452258
0.045221
0.0452194
0.0452242
0.0452294
0.0452348
0.0452406
0.0452465
0.0452527
0.045259
0.0452655
0.0452722
0.045279
0.0452858
0.0452928
0.0452998
0.0453068
0.0453139
0.045321
0.045328
0.045335
0.045342
0.0453489
0.0453557
0.0453624
0.045369
0.0453754
0.0453818
0.0453879
0.0453939
0.0453998
0.0454054
0.0454109
0.0454161
0.0454211
0.0454259
0.0454305
0.0454348
0.0454388
0.0454426
0.0454461
0.0454494
0.0454523
0.045455
0.0454574
0.0454595
0.0454614
0.0454629
0.0454641
0.045465
0.0454656
0.0454659
0.0454659
0.0454656
0.045465
0.045464
0.0454628
0.0454613
0.0454594
0.0454573
0.0454549
0.0454522
0.0454492
0.045446
0.0454424
0.0454386
0.0454346
0.0454303
0.0454257
0.0454209
0.0454159
0.0454106
0.0454052
0.0453995
0.0453937
0.0453877
0.0453815
0.0453752
0.0453687
0.0453621
0.0453554
0.0453486
0.0453417
0.0453347
0.0453277
0.0453206
0.0453136
0.0453065
0.0452995
0.0452924
0.0452855
0.0452786
0.0452718
0.0452652
0.0452587
0.0452523
0.0452462
0.0452402
0.0452345
0.045229
0.0452239
0.045219
0.0452171
0.045222
0.0452272
0.0452326
0.0452383
0.0452443
0.0452504
0.0452568
0.0452633
0.0452699
0.0452767
0.0452836
0.0452905
0.0452975
0.0453046
0.0453116
0.0453187
0.0453257
0.0453327
0.0453397
0.0453466
0.0453534
0.0453601
0.0453666
0.0453731
0.0453794
0.0453856
0.0453916
0.0453974
0.0454031
0.0454085
0.0454137
0.0454188
0.0454235
0.0454281
0.0454324
0.0454364
0.0454402
0.0454437
0.045447
0.0454499
0.0454526
0.045455
0.0454571
0.0454589
0.0454604
0.0454617
0.0454626
0.0454632
0.0454635
0.0454635
0.0454632
0.0454625
0.0454616
0.0454604
0.0454589
0.045457
0.0454549
0.0454525
0.0454498
0.0454468
0.0454436
0.04544
0.0454362
0.0454322
0.0454279
0.0454233
0.0454185
0.0454135
0.0454083
0.0454028
0.0453972
0.0453913
0.0453853
0.0453791
0.0453728
0.0453664
0.0453598
0.0453531
0.0453462
0.0453394
0.0453324
0.0453254
0.0453183
0.0453113
0.0453042
0.0452972
0.0452902
0.0452832
0.0452764
0.0452696
0.045263
0.0452564
0.0452501
0.0452439
0.045238
0.0452323
0.0452268
0.0452217
0.0452168
0.0452147
0.0452195
0.0452247
0.0452301
0.0452359
0.0452418
0.0452479
0.0452543
0.0452608
0.0452674
0.0452742
0.0452811
0.045288
0.045295
0.045302
0.0453091
0.0453161
0.0453232
0.0453301
0.0453371
0.045344
0.0453508
0.0453575
0.045364
0.0453705
0.0453768
0.045383
0.045389
0.0453948
0.0454004
0.0454059
0.0454111
0.0454161
0.0454209
0.0454254
0.0454297
0.0454337
0.0454375
0.045441
0.0454443
0.0454472
0.0454499
0.0454523
0.0454544
0.0454562
0.0454577
0.045459
0.0454599
0.0454605
0.0454608
0.0454608
0.0454604
0.0454598
0.0454589
0.0454577
0.0454562
0.0454543
0.0454522
0.0454498
0.0454471
0.0454441
0.0454409
0.0454374
0.0454336
0.0454295
0.0454252
0.0454207
0.0454159
0.0454109
0.0454056
0.0454002
0.0453945
0.0453887
0.0453827
0.0453765
0.0453702
0.0453637
0.0453572
0.0453505
0.0453437
0.0453368
0.0453298
0.0453228
0.0453158
0.0453087
0.0453017
0.0452947
0.0452877
0.0452807
0.0452739
0.0452671
0.0452604
0.0452539
0.0452476
0.0452414
0.0452355
0.0452298
0.0452243
0.0452192
0.0452143
0.0452119
0.0452168
0.045222
0.0452274
0.0452331
0.045239
0.0452452
0.0452515
0.045258
0.0452647
0.0452714
0.0452783
0.0452852
0.0452922
0.0452992
0.0453063
0.0453133
0.0453203
0.0453273
0.0453343
0.0453411
0.0453479
0.0453546
0.0453612
0.0453676
0.0453739
0.0453801
0.0453861
0.0453919
0.0453975
0.0454029
0.0454081
0.0454132
0.0454179
0.0454225
0.0454267
0.0454308
0.0454346
0.0454381
0.0454413
0.0454443
0.0454469
0.0454493
0.0454514
0.0454532
0.0454547
0.045456
0.0454569
0.0454575
0.0454578
0.0454578
0.0454575
0.0454568
0.0454559
0.0454547
0.0454532
0.0454514
0.0454492
0.0454468
0.0454441
0.0454412
0.0454379
0.0454344
0.0454306
0.0454265
0.0454222
0.0454177
0.0454129
0.0454079
0.0454027
0.0453972
0.0453916
0.0453858
0.0453798
0.0453736
0.0453673
0.0453609
0.0453543
0.0453476
0.0453408
0.0453339
0.045327
0.04532
0.045313
0.0453059
0.0452989
0.0452919
0.0452849
0.0452779
0.0452711
0.0452643
0.0452577
0.0452512
0.0452448
0.0452387
0.0452328
0.0452271
0.0452216
0.0452164
0.0452116
0.0452089
0.0452138
0.045219
0.0452244
0.0452301
0.045236
0.0452422
0.0452485
0.045255
0.0452616
0.0452684
0.0452752
0.0452822
0.0452891
0.0452962
0.0453032
0.0453102
0.0453172
0.0453242
0.0453312
0.045338
0.0453448
0.0453515
0.045358
0.0453645
0.0453708
0.0453769
0.0453829
0.0453887
0.0453943
0.0453997
0.045405
0.0454099
0.0454147
0.0454192
0.0454235
0.0454275
0.0454313
0.0454348
0.0454381
0.045441
0.0454437
0.0454461
0.0454482
0.04545
0.0454515
0.0454527
0.0454536
0.0454542
0.0454545
0.0454545
0.0454542
0.0454536
0.0454526
0.0454514
0.0454499
0.0454481
0.045446
0.0454436
0.0454409
0.0454379
0.0454347
0.0454311
0.0454274
0.0454233
0.045419
0.0454145
0.0454097
0.0454047
0.0453995
0.0453941
0.0453884
0.0453826
0.0453766
0.0453705
0.0453642
0.0453577
0.0453512
0.0453445
0.0453377
0.0453308
0.0453239
0.0453169
0.0453099
0.0453029
0.0452958
0.0452888
0.0452818
0.0452749
0.045268
0.0452613
0.0452547
0.0452482
0.0452418
0.0452357
0.0452298
0.0452241
0.0452186
0.0452135
0.0452086
0.0452057
0.0452106
0.0452157
0.0452212
0.0452269
0.0452328
0.0452389
0.0452452
0.0452517
0.0452584
0.0452651
0.0452719
0.0452789
0.0452858
0.0452928
0.0452999
0.0453069
0.0453139
0.0453209
0.0453278
0.0453346
0.0453414
0.0453481
0.0453546
0.0453611
0.0453674
0.0453735
0.0453795
0.0453853
0.0453909
0.0453963
0.0454015
0.0454065
0.0454112
0.0454157
0.04542
0.045424
0.0454278
0.0454313
0.0454345
0.0454375
0.0454402
0.0454425
0.0454446
0.0454464
0.0454479
0.0454492
0.0454501
0.0454507
0.0454509
0.0454509
0.0454506
0.04545
0.0454491
0.0454479
0.0454464
0.0454445
0.0454424
0.04544
0.0454374
0.0454344
0.0454312
0.0454276
0.0454238
0.0454198
0.0454155
0.045411
0.0454062
0.0454012
0.045396
0.0453906
0.045385
0.0453792
0.0453732
0.0453671
0.0453608
0.0453543
0.0453478
0.0453411
0.0453343
0.0453275
0.0453205
0.0453136
0.0453066
0.0452995
0.0452925
0.0452855
0.0452785
0.0452716
0.0452648
0.045258
0.0452514
0.0452449
0.0452386
0.0452324
0.0452265
0.0452208
0.0452154
0.0452102
0.0452054
0.0452022
0.0452071
0.0452122
0.0452177
0.0452234
0.0452293
0.0452354
0.0452417
0.0452482
0.0452548
0.0452616
0.0452684
0.0452753
0.0452823
0.0452893
0.0452963
0.0453033
0.0453103
0.0453173
0.0453242
0.045331
0.0453378
0.0453444
0.045351
0.0453574
0.0453637
0.0453698
0.0453758
0.0453816
0.0453872
0.0453925
0.0453977
0.0454027
0.0454075
0.045412
0.0454163
0.0454203
0.045424
0.0454275
0.0454307
0.0454337
0.0454364
0.0454387
0.0454408
0.0454426
0.0454441
0.0454453
0.0454462
0.0454468
0.0454471
0.0454471
0.0454468
0.0454462
0.0454453
0.0454441
0.0454426
0.0454408
0.0454386
0.0454362
0.0454336
0.0454306
0.0454274
0.0454239
0.0454201
0.045416
0.0454118
0.0454072
0.0454025
0.0453975
0.0453923
0.0453869
0.0453813
0.0453755
0.0453695
0.0453634
0.0453571
0.0453507
0.0453441
0.0453374
0.0453307
0.0453238
0.0453169
0.04531
0.0453029
0.0452959
0.0452889
0.0452819
0.045275
0.045268
0.0452612
0.0452545
0.0452479
0.0452414
0.0452351
0.0452289
0.045223
0.0452173
0.0452119
0.0452067
0.0452019
0.0451985
0.0452034
0.0452085
0.0452139
0.0452196
0.0452256
0.0452317
0.045238
0.0452445
0.0452511
0.0452578
0.0452646
0.0452715
0.0452785
0.0452855
0.0452925
0.0452995
0.0453065
0.0453134
0.0453203
0.0453271
0.0453339
0.0453405
0.0453471
0.0453535
0.0453598
0.0453659
0.0453718
0.0453776
0.0453832
0.0453886
0.0453938
0.0453987
0.0454035
0.045408
0.0454122
0.0454162
0.04542
0.0454235
0.0454267
0.0454296
0.0454323
0.0454347
0.0454368
0.0454386
0.0454401
0.0454413
0.0454422
0.0454428
0.0454431
0.0454431
0.0454427
0.0454421
0.0454412
0.04544
0.0454385
0.0454367
0.0454346
0.0454322
0.0454295
0.0454266
0.0454233
0.0454198
0.045416
0.045412
0.0454078
0.0454032
0.0453985
0.0453935
0.0453883
0.0453829
0.0453773
0.0453715
0.0453656
0.0453594
0.0453532
0.0453468
0.0453402
0.0453336
0.0453268
0.04532
0.0453131
0.0453061
0.0452991
0.0452921
0.0452851
0.0452781
0.0452712
0.0452643
0.0452574
0.0452507
0.0452441
0.0452376
0.0452313
0.0452252
0.0452193
0.0452136
0.0452081
0.045203
0.0451981
0.0451946
0.0451994
0.0452046
0.04521
0.0452157
0.0452216
0.0452277
0.045234
0.0452405
0.0452471
0.0452538
0.0452606
0.0452675
0.0452744
0.0452814
0.0452884
0.0452954
0.0453024
0.0453093
0.0453162
0.045323
0.0453298
0.0453364
0.0453429
0.0453493
0.0453556
0.0453617
0.0453676
0.0453734
0.045379
0.0453843
0.0453895
0.0453945
0.0453992
0.0454037
0.045408
0.045412
0.0454157
0.0454192
0.0454224
0.0454253
0.045428
0.0454304
0.0454325
0.0454342
0.0454357
0.0454369
0.0454378
0.0454384
0.0454387
0.0454387
0.0454384
0.0454378
0.0454369
0.0454357
0.0454342
0.0454324
0.0454303
0.0454279
0.0454252
0.0454223
0.045419
0.0454155
0.0454118
0.0454078
0.0454035
0.045399
0.0453942
0.0453893
0.0453841
0.0453787
0.0453731
0.0453673
0.0453614
0.0453553
0.045349
0.0453426
0.0453361
0.0453294
0.0453227
0.0453159
0.045309
0.045302
0.045295
0.045288
0.045281
0.0452741
0.0452671
0.0452602
0.0452534
0.0452467
0.0452401
0.0452336
0.0452273
0.0452212
0.0452153
0.0452096
0.0452042
0.045199
0.0451942
0.0451904
0.0451952
0.0452004
0.0452058
0.0452115
0.0452174
0.0452235
0.0452298
0.0452363
0.0452429
0.0452496
0.0452564
0.0452632
0.0452702
0.0452771
0.0452841
0.0452911
0.0452981
0.045305
0.0453119
0.0453187
0.0453254
0.045332
0.0453385
0.0453449
0.0453512
0.0453573
0.0453632
0.0453689
0.0453745
0.0453799
0.045385
0.04539
0.0453947
0.0453992
0.0454035
0.0454074
0.0454112
0.0454147
0.0454179
0.0454208
0.0454235
0.0454258
0.0454279
0.0454297
0.0454312
0.0454324
0.0454333
0.0454339
0.0454342
0.0454342
0.0454338
0.0454332
0.0454323
0.0454311
0.0454296
0.0454278
0.0454257
0.0454233
0.0454207
0.0454177
0.0454145
0.045411
0.0454073
0.0454032
0.045399
0.0453945
0.0453898
0.0453848
0.0453796
0.0453742
0.0453687
0.0453629
0.045357
0.0453509
0.0453446
0.0453382
0.0453317
0.045325
0.0453183
0.0453115
0.0453046
0.0452977
0.0452907
0.0452837
0.0452768
0.0452698
0.0452629
0.045256
0.0452492
0.0452425
0.0452359
0.0452294
0.0452231
0.045217
0.0452111
0.0452054
0.0452
0.0451948
0.04519
0.045186
0.0451908
0.045196
0.0452014
0.0452071
0.045213
0.0452191
0.0452254
0.0452318
0.0452384
0.0452451
0.0452519
0.0452588
0.0452657
0.0452726
0.0452796
0.0452866
0.0452935
0.0453004
0.0453073
0.0453141
0.0453208
0.0453274
0.0453339
0.0453403
0.0453465
0.0453526
0.0453585
0.0453643
0.0453698
0.0453752
0.0453803
0.0453853
0.04539
0.0453945
0.0453987
0.0454027
0.0454064
0.0454099
0.0454131
0.045416
0.0454187
0.045421
0.0454231
0.0454249
0.0454264
0.0454276
0.0454285
0.0454291
0.0454294
0.0454293
0.045429
0.0454284
0.0454275
0.0454263
0.0454248
0.045423
0.0454209
0.0454185
0.0454159
0.0454129
0.0454097
0.0454062
0.0454025
0.0453985
0.0453942
0.0453898
0.045385
0.0453801
0.0453749
0.0453695
0.045364
0.0453582
0.0453523
0.0453462
0.04534
0.0453336
0.0453271
0.0453205
0.0453137
0.0453069
0.0453001
0.0452932
0.0452862
0.0452792
0.0452723
0.0452653
0.0452584
0.0452515
0.0452447
0.045238
0.0452314
0.045225
0.0452187
0.0452126
0.0452067
0.045201
0.0451956
0.0451905
0.0451856
0.0451814
0.0451862
0.0451914
0.0451968
0.0452025
0.0452084
0.0452145
0.0452207
0.0452272
0.0452338
0.0452404
0.0452472
0.0452541
0.045261
0.0452679
0.0452749
0.0452818
0.0452888
0.0452957
0.0453025
0.0453093
0.045316
0.0453226
0.0453291
0.0453354
0.0453417
0.0453477
0.0453536
0.0453594
0.0453649
0.0453703
0.0453754
0.0453803
0.045385
0.0453895
0.0453937
0.0453977
0.0454014
0.0454049
0.0454081
0.045411
0.0454136
0.045416
0.0454181
0.0454199
0.0454213
0.0454225
0.0454234
0.045424
0.0454243
0.0454243
0.045424
0.0454234
0.0454225
0.0454213
0.0454198
0.045418
0.0454159
0.0454135
0.0454108
0.0454079
0.0454047
0.0454012
0.0453975
0.0453935
0.0453893
0.0453848
0.0453801
0.0453751
0.04537
0.0453646
0.0453591
0.0453533
0.0453474
0.0453413
0.0453351
0.0453287
0.0453222
0.0453156
0.0453089
0.0453022
0.0452953
0.0452884
0.0452815
0.0452745
0.0452675
0.0452606
0.0452537
0.0452468
0.04524
0.0452334
0.0452268
0.0452204
0.0452141
0.045208
0.0452021
0.0451964
0.045191
0.0451858
0.045181
0.0451766
0.0451814
0.0451866
0.045192
0.0451977
0.0452035
0.0452096
0.0452159
0.0452223
0.0452289
0.0452356
0.0452423
0.0452492
0.0452561
0.045263
0.0452699
0.0452769
0.0452838
0.0452907
0.0452975
0.0453043
0.045311
0.0453176
0.045324
0.0453304
0.0453366
0.0453426
0.0453485
0.0453543
0.0453598
0.0453651
0.0453703
0.0453752
0.0453799
0.0453843
0.0453885
0.0453925
0.0453962
0.0453997
0.0454029
0.0454058
0.0454084
0.0454108
0.0454128
0.0454146
0.0454161
0.0454173
0.0454182
0.0454188
0.0454191
0.045419
0.0454187
0.0454181
0.0454172
0.045416
0.0454145
0.0454127
0.0454106
0.0454083
0.0454056
0.0454027
0.0453995
0.045396
0.0453923
0.0453883
0.0453841
0.0453796
0.0453749
0.04537
0.0453648
0.0453595
0.0453539
0.0453482
0.0453423
0.0453363
0.04533
0.0453237
0.0453172
0.0453106
0.0453039
0.0452972
0.0452903
0.0452834
0.0452765
0.0452696
0.0452626
0.0452557
0.0452488
0.0452419
0.0452352
0.0452285
0.0452219
0.0452155
0.0452092
0.0452031
0.0451973
0.0451916
0.0451862
0.045181
0.0451762
0.0451716
0.0451764
0.0451816
0.045187
0.0451926
0.0451985
0.0452046
0.0452109
0.0452173
0.0452238
0.0452305
0.0452373
0.0452441
0.045251
0.0452579
0.0452648
0.0452717
0.0452786
0.0452855
0.0452923
0.0452991
0.0453058
0.0453123
0.0453188
0.0453251
0.0453313
0.0453374
0.0453432
0.0453489
0.0453545
0.0453598
0.0453649
0.0453698
0.0453745
0.0453789
0.0453831
0.0453871
0.0453908
0.0453943
0.0453974
0.0454003
0.045403
0.0454053
0.0454074
0.0454091
0.0454106
0.0454118
0.0454127
0.0454133
0.0454136
0.0454136
0.0454133
0.0454127
0.0454117
0.0454106
0.0454091
0.0454073
0.0454052
0.0454028
0.0454002
0.0453973
0.0453941
0.0453906
0.0453869
0.0453829
0.0453787
0.0453742
0.0453695
0.0453646
0.0453595
0.0453542
0.0453486
0.0453429
0.045337
0.045331
0.0453248
0.0453184
0.045312
0.0453054
0.0452987
0.045292
0.0452851
0.0452783
0.0452714
0.0452644
0.0452575
0.0452506
0.0452437
0.0452369
0.0452301
0.0452234
0.0452169
0.0452105
0.0452042
0.0451981
0.0451922
0.0451866
0.0451812
0.045176
0.0451712
0.0451664
0.0451713
0.0451764
0.0451818
0.0451875
0.0451933
0.0451994
0.0452057
0.0452121
0.0452186
0.0452253
0.045232
0.0452388
0.0452457
0.0452526
0.0452595
0.0452664
0.0452733
0.0452802
0.0452869
0.0452937
0.0453003
0.0453069
0.0453133
0.0453197
0.0453258
0.0453319
0.0453377
0.0453434
0.0453489
0.0453542
0.0453594
0.0453642
0.0453689
0.0453733
0.0453776
0.0453815
0.0453852
0.0453886
0.0453918
0.0453947
0.0453973
0.0453997
0.0454017
0.0454035
0.045405
0.0454062
0.045407
0.0454076
0.0454079
0.0454079
0.0454076
0.045407
0.0454061
0.0454049
0.0454034
0.0454016
0.0453995
0.0453972
0.0453945
0.0453916
0.0453884
0.045385
0.0453813
0.0453773
0.0453731
0.0453687
0.045364
0.0453591
0.0453539
0.0453486
0.0453431
0.0453374
0.0453315
0.0453255
0.0453193
0.045313
0.0453065
0.0453
0.0452933
0.0452866
0.0452798
0.0452729
0.045266
0.0452591
0.0452522
0.0452453
0.0452384
0.0452316
0.0452248
0.0452182
0.0452116
0.0452052
0.045199
0.0451929
0.045187
0.0451814
0.045176
0.0451708
0.045166
0.0451611
0.0451659
0.0451711
0.0451765
0.0451821
0.045188
0.045194
0.0452003
0.0452067
0.0452132
0.0452198
0.0452266
0.0452334
0.0452402
0.0452471
0.045254
0.0452609
0.0452678
0.0452746
0.0452814
0.0452881
0.0452948
0.0453013
0.0453077
0.045314
0.0453202
0.0453262
0.0453321
0.0453377
0.0453432
0.0453485
0.0453536
0.0453585
0.0453632
0.0453676
0.0453718
0.0453757
0.0453794
0.0453828
0.045386
0.0453889
0.0453915
0.0453938
0.0453959
0.0453976
0.0453991
0.0454003
0.0454012
0.0454018
0.0454021
0.045402
0.0454017
0.0454011
0.0454002
0.045399
0.0453976
0.0453958
0.0453937
0.0453913
0.0453887
0.0453858
0.0453826
0.0453792
0.0453755
0.0453715
0.0453673
0.0453629
0.0453582
0.0453533
0.0453482
0.0453429
0.0453374
0.0453317
0.0453259
0.0453198
0.0453137
0.0453074
0.0453009
0.0452944
0.0452877
0.045281
0.0452742
0.0452674
0.0452605
0.0452536
0.0452467
0.0452398
0.0452329
0.0452261
0.0452194
0.0452128
0.0452062
0.0451998
0.0451936
0.0451875
0.0451817
0.045176
0.0451706
0.0451655
0.0451607
0.0451556
0.0451604
0.0451655
0.0451709
0.0451766
0.0451824
0.0451885
0.0451947
0.0452011
0.0452076
0.0452142
0.0452209
0.0452277
0.0452346
0.0452414
0.0452483
0.0452552
0.0452621
0.0452689
0.0452757
0.0452824
0.045289
0.0452955
0.0453019
0.0453082
0.0453144
0.0453204
0.0453262
0.0453319
0.0453373
0.0453426
0.0453477
0.0453526
0.0453572
0.0453616
0.0453658
0.0453697
0.0453734
0.0453768
0.04538
0.0453829
0.0453855
0.0453878
0.0453899
0.0453916
0.0453931
0.0453943
0.0453951
0.0453957
0.045396
0.045396
0.0453957
0.0453951
0.0453942
0.045393
0.0453915
0.0453897
0.0453877
0.0453853
0.0453827
0.0453798
0.0453766
0.0453732
0.0453695
0.0453656
0.0453614
0.045357
0.0453523
0.0453474
0.0453423
0.045337
0.0453315
0.0453259
0.04532
0.045314
0.0453078
0.0453015
0.0452951
0.0452886
0.045282
0.0452753
0.0452685
0.0452617
0.0452548
0.0452479
0.045241
0.0452341
0.0452273
0.0452205
0.0452138
0.0452072
0.0452007
0.0451943
0.045188
0.045182
0.0451761
0.0451705
0.0451651
0.04516
0.0451551
0.0451499
0.0451547
0.0451599
0.0451653
0.0451709
0.0451767
0.0451828
0.045189
0.0451954
0.0452019
0.0452085
0.0452152
0.045222
0.0452288
0.0452356
0.0452425
0.0452494
0.0452562
0.045263
0.0452698
0.0452765
0.0452831
0.0452896
0.045296
0.0453022
0.0453084
0.0453144
0.0453202
0.0453258
0.0453313
0.0453366
0.0453416
0.0453465
0.0453511
0.0453555
0.0453597
0.0453636
0.0453673
0.0453707
0.0453738
0.0453767
0.0453793
0.0453816
0.0453837
0.0453854
0.0453869
0.0453881
0.0453889
0.0453895
0.0453898
0.0453898
0.0453895
0.0453889
0.045388
0.0453868
0.0453853
0.0453836
0.0453815
0.0453792
0.0453766
0.0453736
0.0453705
0.0453671
0.0453634
0.0453595
0.0453553
0.0453508
0.0453462
0.0453413
0.0453363
0.045331
0.0453255
0.0453198
0.045314
0.045308
0.0453019
0.0452956
0.0452892
0.0452827
0.0452761
0.0452694
0.0452626
0.0452558
0.0452489
0.0452421
0.0452352
0.0452284
0.0452215
0.0452148
0.045208
0.0452014
0.0451949
0.0451886
0.0451823
0.0451763
0.0451704
0.0451648
0.0451594
0.0451543
0.0451495
0.0451441
0.0451489
0.0451541
0.0451594
0.0451651
0.0451709
0.0451769
0.0451832
0.0451895
0.045196
0.0452026
0.0452093
0.045216
0.0452228
0.0452297
0.0452365
0.0452434
0.0452502
0.045257
0.0452637
0.0452704
0.045277
0.0452835
0.0452899
0.0452961
0.0453022
0.0453082
0.045314
0.0453196
0.0453251
0.0453304
0.0453354
0.0453402
0.0453449
0.0453493
0.0453534
0.0453573
0.045361
0.0453644
0.0453675
0.0453704
0.045373
0.0453753
0.0453773
0.0453791
0.0453805
0.0453817
0.0453826
0.0453832
0.0453835
0.0453835
0.0453831
0.0453825
0.0453816
0.0453804
0.045379
0.0453772
0.0453752
0.0453728
0.0453702
0.0453673
0.0453642
0.0453608
0.0453571
0.0453532
0.045349
0.0453446
0.04534
0.0453351
0.04533
0.0453248
0.0453193
0.0453137
0.0453078
0.0453019
0.0452957
0.0452895
0.0452831
0.0452766
0.04527
0.0452633
0.0452566
0.0452498
0.045243
0.0452361
0.0452292
0.0452224
0.0452156
0.0452088
0.0452022
0.0451955
0.0451891
0.0451827
0.0451765
0.0451704
0.0451646
0.045159
0.0451536
0.0451485
0.0451436
0.0451382
0.045143
0.0451481
0.0451535
0.0451591
0.0451649
0.045171
0.0451772
0.0451835
0.04519
0.0451966
0.0452033
0.04521
0.0452168
0.0452236
0.0452304
0.0452373
0.0452441
0.0452509
0.0452576
0.0452642
0.0452708
0.0452773
0.0452836
0.0452899
0.045296
0.0453019
0.0453077
0.0453133
0.0453188
0.045324
0.045329
0.0453339
0.0453385
0.0453429
0.045347
0.0453509
0.0453545
0.0453579
0.0453611
0.0453639
0.0453665
0.0453688
0.0453709
0.0453726
0.0453741
0.0453752
0.0453761
0.0453767
0.045377
0.0453769
0.0453766
0.0453761
0.0453752
0.045374
0.0453725
0.0453707
0.0453687
0.0453664
0.0453638
0.0453609
0.0453577
0.0453543
0.0453507
0.0453468
0.0453426
0.0453382
0.0453336
0.0453287
0.0453237
0.0453184
0.045313
0.0453074
0.0453016
0.0452956
0.0452895
0.0452832
0.0452769
0.0452704
0.0452638
0.0452571
0.0452504
0.0452436
0.0452368
0.04523
0.0452232
0.0452163
0.0452095
0.0452028
0.0451961
0.0451895
0.0451831
0.0451767
0.0451705
0.0451645
0.0451587
0.045153
0.0451476
0.0451425
0.0451377
0.0451321
0.0451369
0.0451421
0.0451474
0.045153
0.0451589
0.0451649
0.0451711
0.0451774
0.0451839
0.0451904
0.0451971
0.0452038
0.0452106
0.0452174
0.0452242
0.045231
0.0452378
0.0452446
0.0452513
0.0452579
0.0452645
0.0452709
0.0452773
0.0452835
0.0452896
0.0452955
0.0453013
0.0453069
0.0453123
0.0453175
0.0453226
0.0453274
0.045332
0.0453363
0.0453405
0.0453444
0.045348
0.0453514
0.0453545
0.0453573
0.0453599
0.0453622
0.0453643
0.045366
0.0453674
0.0453686
0.0453695
0.0453701
0.0453703
0.0453703
0.04537
0.0453694
0.0453685
0.0453673
0.0453659
0.0453641
0.0453621
0.0453598
0.0453572
0.0453543
0.0453512
0.0453478
0.0453441
0.0453402
0.0453361
0.0453317
0.0453271
0.0453222
0.0453172
0.045312
0.0453065
0.0453009
0.0452951
0.0452892
0.0452831
0.0452769
0.0452705
0.045264
0.0452575
0.0452508
0.0452441
0.0452374
0.0452306
0.0452238
0.0452169
0.0452101
0.0452034
0.0451966
0.04519
0.0451834
0.0451769
0.0451706
0.0451644
0.0451584
0.0451526
0.045147
0.0451416
0.0451365
0.0451316
0.045126
0.0451308
0.0451359
0.0451413
0.0451469
0.0451527
0.0451587
0.0451649
0.0451712
0.0451776
0.0451842
0.0451908
0.0451975
0.0452043
0.0452111
0.0452179
0.0452247
0.0452315
0.0452382
0.0452449
0.0452515
0.045258
0.0452645
0.0452708
0.045277
0.0452831
0.045289
0.0452947
0.0453003
0.0453057
0.0453109
0.045316
0.0453208
0.0453253
0.0453297
0.0453338
0.0453377
0.0453413
0.0453447
0.0453478
0.0453506
0.0453532
0.0453555
0.0453575
0.0453593
0.0453607
0.0453619
0.0453627
0.0453633
0.0453636
0.0453636
0.0453633
0.0453627
0.0453618
0.0453606
0.0453592
0.0453574
0.0453554
0.0453531
0.0453505
0.0453476
0.0453445
0.0453411
0.0453374
0.0453336
0.0453294
0.0453251
0.0453205
0.0453156
0.0453106
0.0453054
0.0453
0.0452944
0.0452886
0.0452827
0.0452766
0.0452704
0.045264
0.0452576
0.0452511
0.0452444
0.0452377
0.045231
0.0452242
0.0452174
0.0452106
0.0452038
0.0451971
0.0451904
0.0451837
0.0451772
0.0451707
0.0451644
0.0451582
0.0451522
0.0451464
0.0451408
0.0451354
0.0451303
0.0451255
0.0451197
0.0451245
0.0451296
0.045135
0.0451406
0.0451464
0.0451524
0.0451586
0.0451649
0.0451713
0.0451778
0.0451845
0.0451912
0.0451979
0.0452047
0.0452115
0.0452182
0.045225
0.0452317
0.0452384
0.045245
0.0452515
0.0452579
0.0452642
0.0452704
0.0452765
0.0452824
0.0452881
0.0452937
0.0452991
0.0453043
0.0453093
0.0453141
0.0453186
0.045323
0.0453271
0.0453309
0.0453346
0.0453379
0.045341
0.0453439
0.0453464
0.0453487
0.0453507
0.0453524
0.0453539
0.045355
0.0453559
0.0453565
0.0453568
0.0453568
0.0453565
0.0453559
0.045355
0.0453538
0.0453523
0.0453506
0.0453486
0.0453463
0.0453437
0.0453408
0.0453377
0.0453343
0.0453307
0.0453268
0.0453227
0.0453183
0.0453137
0.0453089
0.0453039
0.0452987
0.0452933
0.0452877
0.045282
0.0452761
0.04527
0.0452638
0.0452575
0.0452511
0.0452445
0.0452379
0.0452313
0.0452245
0.0452178
0.045211
0.0452042
0.0451974
0.0451907
0.045184
0.0451774
0.0451708
0.0451644
0.0451581
0.0451519
0.0451459
0.0451401
0.0451345
0.0451292
0.045124
0.0451192
0.0451134
0.0451182
0.0451233
0.0451287
0.0451342
0.0451401
0.045146
0.0451522
0.0451585
0.0451649
0.0451714
0.045178
0.0451847
0.0451914
0.0451982
0.045205
0.0452117
0.0452185
0.0452252
0.0452318
0.0452384
0.0452449
0.0452513
0.0452576
0.0452637
0.0452698
0.0452757
0.0452814
0.0452869
0.0452923
0.0452975
0.0453025
0.0453073
0.0453118
0.0453161
0.0453202
0.0453241
0.0453277
0.0453311
0.0453341
0.045337
0.0453395
0.0453418
0.0453438
0.0453455
0.045347
0.0453481
0.045349
0.0453496
0.0453498
0.0453498
0.0453495
0.045349
0.0453481
0.0453469
0.0453454
0.0453437
0.0453417
0.0453394
0.0453368
0.0453339
0.0453308
0.0453275
0.0453238
0.04532
0.0453159
0.0453115
0.0453069
0.0453022
0.0452972
0.045292
0.0452866
0.045281
0.0452753
0.0452694
0.0452633
0.0452571
0.0452508
0.0452444
0.0452379
0.0452313
0.0452247
0.045218
0.0452112
0.0452045
0.0451977
0.0451909
0.0451842
0.0451775
0.0451709
0.0451644
0.045158
0.0451517
0.0451455
0.0451395
0.0451337
0.0451282
0.0451228
0.0451177
0.0451129
0.045107
0.0451118
0.0451169
0.0451223
0.0451278
0.0451336
0.0451396
0.0451457
0.045152
0.0451584
0.0451649
0.0451715
0.0451782
0.0451849
0.0451916
0.0451984
0.0452051
0.0452118
0.0452185
0.0452252
0.0452317
0.0452382
0.0452446
0.0452509
0.045257
0.045263
0.0452689
0.0452746
0.0452801
0.0452855
0.0452907
0.0452956
0.0453004
0.0453049
0.0453093
0.0453133
0.0453172
0.0453208
0.0453241
0.0453272
0.04533
0.0453326
0.0453348
0.0453369
0.0453386
0.04534
0.0453411
0.045342
0.0453426
0.0453429
0.0453429
0.0453425
0.045342
0.0453411
0.0453399
0.0453385
0.0453367
0.0453347
0.0453324
0.0453298
0.045327
0.0453239
0.0453205
0.0453169
0.0453131
0.045309
0.0453046
0.0453001
0.0452953
0.0452903
0.0452851
0.0452798
0.0452742
0.0452685
0.0452626
0.0452566
0.0452504
0.0452441
0.0452377
0.0452313
0.0452247
0.0452181
0.0452114
0.0452046
0.0451979
0.0451911
0.0451844
0.0451777
0.045171
0.0451644
0.0451579
0.0451515
0.0451452
0.0451391
0.0451331
0.0451273
0.0451217
0.0451164
0.0451113
0.0451065
0.0451005
0.0451054
0.0451104
0.0451158
0.0451214
0.0451271
0.0451331
0.0451392
0.0451455
0.0451519
0.0451584
0.045165
0.0451716
0.0451783
0.045185
0.0451918
0.0451985
0.0452052
0.0452118
0.0452185
0.045225
0.0452315
0.0452378
0.0452441
0.0452502
0.0452562
0.0452621
0.0452678
0.0452733
0.0452786
0.0452838
0.0452887
0.0452935
0.045298
0.0453023
0.0453064
0.0453102
0.0453138
0.0453171
0.0453202
0.045323
0.0453256
0.0453278
0.0453298
0.0453316
0.045333
0.0453341
0.045335
0.0453356
0.0453358
0.0453358
0.0453355
0.0453349
0.045334
0.0453329
0.0453314
0.0453297
0.0453277
0.0453254
0.0453228
0.04532
0.0453169
0.0453136
0.04531
0.0453061
0.045302
0.0452977
0.0452932
0.0452884
0.0452834
0.0452783
0.0452729
0.0452674
0.0452617
0.0452558
0.0452498
0.0452436
0.0452374
0.045231
0.0452245
0.045218
0.0452114
0.0452047
0.045198
0.0451913
0.0451845
0.0451778
0.0451711
0.0451645
0.0451579
0.0451514
0.045145
0.0451387
0.0451326
0.0451266
0.0451209
0.0451153
0.0451099
0.0451048
0.0451
0.0450941
0.0450989
0.045104
0.0451093
0.0451149
0.0451206
0.0451266
0.0451327
0.045139
0.0451453
0.0451518
0.0451584
0.045165
0.0451717
0.0451784
0.0451851
0.0451918
0.0451985
0.0452051
0.0452117
0.0452182
0.0452247
0.045231
0.0452373
0.0452434
0.0452494
0.0452552
0.0452609
0.0452664
0.0452717
0.0452769
0.0452818
0.0452865
0.0452911
0.0452953
0.0452994
0.0453032
0.0453068
0.0453101
0.0453132
0.045316
0.0453185
0.0453208
0.0453228
0.0453245
0.0453259
0.0453271
0.0453279
0.0453285
0.0453288
0.0453287
0.0453284
0.0453279
0.045327
0.0453258
0.0453244
0.0453226
0.0453206
0.0453184
0.0453158
0.045313
0.0453099
0.0453066
0.045303
0.0452991
0.045295
0.0452907
0.0452862
0.0452815
0.0452765
0.0452713
0.045266
0.0452605
0.0452548
0.0452489
0.045243
0.0452368
0.0452306
0.0452242
0.0452178
0.0452112
0.0452046
0.045198
0.0451913
0.0451846
0.0451779
0.0451712
0.0451645
0.0451579
0.0451513
0.0451448
0.0451384
0.0451322
0.0451261
0.0451201
0.0451143
0.0451088
0.0451034
0.0450983
0.0450935
0.0450875
0.0450924
0.0450975
0.0451028
0.0451083
0.0451141
0.04512
0.0451261
0.0451324
0.0451387
0.0451452
0.0451518
0.0451584
0.045165
0.0451717
0.0451784
0.0451851
0.0451918
0.0451984
0.045205
0.0452115
0.0452179
0.0452242
0.0452305
0.0452366
0.0452425
0.0452483
0.045254
0.0452595
0.0452648
0.0452699
0.0452749
0.0452796
0.0452841
0.0452884
0.0452924
0.0452962
0.0452998
0.0453031
0.0453062
0.0453089
0.0453115
0.0453137
0.0453157
0.0453174
0.0453188
0.04532
0.0453208
0.0453214
0.0453217
0.0453217
0.0453214
0.0453208
0.0453199
0.0453187
0.0453173
0.0453156
0.0453136
0.0453113
0.0453087
0.0453059
0.0453028
0.0452995
0.0452959
0.0452921
0.0452881
0.0452837
0.0452792
0.0452745
0.0452696
0.0452644
0.0452591
0.0452536
0.0452479
0.0452421
0.0452361
0.04523
0.0452238
0.0452174
0.045211
0.0452045
0.0451979
0.0451913
0.0451846
0.0451779
0.0451712
0.0451645
0.0451578
0.0451512
0.0451447
0.0451382
0.0451318
0.0451256
0.0451195
0.0451136
0.0451078
0.0451022
0.0450969
0.0450918
0.045087
0.045081
0.0450858
0.0450909
0.0450963
0.0451018
0.0451076
0.0451135
0.0451196
0.0451258
0.0451322
0.0451386
0.0451451
0.0451517
0.0451584
0.045165
0.0451717
0.0451784
0.045185
0.0451916
0.0451982
0.0452047
0.0452111
0.0452174
0.0452236
0.0452297
0.0452357
0.0452415
0.0452471
0.0452526
0.0452579
0.045263
0.0452679
0.0452726
0.0452771
0.0452814
0.0452854
0.0452892
0.0452928
0.0452961
0.0452991
0.0453019
0.0453044
0.0453067
0.0453086
0.0453103
0.0453118
0.0453129
0.0453137
0.0453143
0.0453146
0.0453146
0.0453143
0.0453137
0.0453128
0.0453116
0.0453102
0.0453085
0.0453065
0.0453042
0.0453017
0.0452989
0.0452958
0.0452925
0.0452889
0.0452851
0.045281
0.0452768
0.0452723
0.0452675
0.0452626
0.0452575
0.0452522
0.0452467
0.045241
0.0452352
0.0452292
0.0452232
0.0452169
0.0452106
0.0452042
0.0451977
0.0451911
0.0451845
0.0451779
0.0451712
0.0451645
0.0451578
0.0451512
0.0451446
0.0451381
0.0451316
0.0451253
0.045119
0.0451129
0.045107
0.0451013
0.0450957
0.0450904
0.0450853
0.0450805
0.0450745
0.0450793
0.0450844
0.0450897
0.0450953
0.045101
0.0451069
0.045113
0.0451192
0.0451256
0.045132
0.0451385
0.0451451
0.0451517
0.0451584
0.045165
0.0451717
0.0451783
0.0451849
0.0451915
0.0451979
0.0452043
0.0452106
0.0452168
0.0452229
0.0452288
0.0452346
0.0452402
0.0452457
0.045251
0.0452561
0.045261
0.0452657
0.0452701
0.0452744
0.0452784
0.0452822
0.0452858
0.045289
0.0452921
0.0452949
0.0452974
0.0452996
0.0453016
0.0453033
0.0453047
0.0453058
0.0453067
0.0453072
0.0453075
0.0453075
0.0453072
0.0453066
0.0453057
0.0453046
0.0453032
0.0453014
0.0452995
0.0452972
0.0452947
0.0452919
0.0452888
0.0452855
0.0452819
0.0452781
0.0452741
0.0452698
0.0452653
0.0452606
0.0452557
0.0452506
0.0452453
0.0452398
0.0452342
0.0452283
0.0452224
0.0452163
0.0452101
0.0452038
0.0451974
0.0451909
0.0451844
0.0451778
0.0451712
0.0451645
0.0451578
0.0451512
0.0451446
0.045138
0.0451315
0.045125
0.0451187
0.0451125
0.0451064
0.0451005
0.0450947
0.0450892
0.0450839
0.0450788
0.045074
0.045068
0.0450729
0.0450779
0.0450832
0.0450888
0.0450945
0.0451004
0.0451065
0.0451127
0.045119
0.0451254
0.0451319
0.0451385
0.0451451
0.0451517
0.0451584
0.045165
0.0451716
0.0451782
0.0451847
0.0451912
0.0451976
0.0452039
0.04521
0.0452161
0.045222
0.0452278
0.0452334
0.0452388
0.0452441
0.0452492
0.0452541
0.0452588
0.0452632
0.0452675
0.0452715
0.0452753
0.0452788
0.0452821
0.0452851
0.0452879
0.0452904
0.0452926
0.0452946
0.0452963
0.0452977
0.0452988
0.0452997
0.0453002
0.0453005
0.0453005
0.0453002
0.0452996
0.0452987
0.0452976
0.0452961
0.0452944
0.0452924
0.0452902
0.0452877
0.0452849
0.0452818
0.0452785
0.045275
0.0452712
0.0452671
0.0452629
0.0452584
0.0452537
0.0452488
0.0452437
0.0452384
0.0452329
0.0452273
0.0452215
0.0452156
0.0452095
0.0452034
0.0451971
0.0451907
0.0451842
0.0451777
0.0451711
0.0451645
0.0451578
0.0451512
0.0451446
0.0451379
0.0451314
0.0451249
0.0451185
0.0451121
0.0451059
0.0450999
0.045094
0.0450882
0.0450827
0.0450774
0.0450723
0.0450675
0.0450616
0.0450664
0.0450715
0.0450768
0.0450823
0.045088
0.0450939
0.0451
0.0451062
0.0451125
0.0451189
0.0451254
0.0451319
0.0451385
0.0451452
0.0451518
0.0451584
0.045165
0.0451716
0.0451781
0.0451845
0.0451909
0.0451971
0.0452033
0.0452093
0.0452152
0.045221
0.0452266
0.045232
0.0452373
0.0452423
0.0452472
0.0452519
0.0452563
0.0452606
0.0452646
0.0452683
0.0452719
0.0452751
0.0452782
0.0452809
0.0452834
0.0452857
0.0452876
0.0452893
0.0452907
0.0452918
0.0452927
0.0452932
0.0452935
0.0452935
0.0452932
0.0452926
0.0452918
0.0452906
0.0452892
0.0452875
0.0452855
0.0452832
0.0452807
0.0452779
0.0452749
0.0452716
0.045268
0.0452643
0.0452602
0.045256
0.0452515
0.0452468
0.0452419
0.0452369
0.0452316
0.0452261
0.0452205
0.0452148
0.0452088
0.0452028
0.0451966
0.0451904
0.045184
0.0451775
0.045171
0.0451645
0.0451579
0.0451512
0.0451446
0.045138
0.0451314
0.0451248
0.0451183
0.0451119
0.0451056
0.0450994
0.0450934
0.0450875
0.0450817
0.0450762
0.0450709
0.0450659
0.045061
0.0450552
0.04506
0.0450651
0.0450704
0.0450759
0.0450816
0.0450875
0.0450936
0.0450997
0.045106
0.0451124
0.0451189
0.0451254
0.045132
0.0451386
0.0451452
0.0451518
0.0451584
0.045165
0.0451715
0.0451779
0.0451842
0.0451905
0.0451966
0.0452026
0.0452085
0.0452143
0.0452199
0.0452253
0.0452305
0.0452356
0.0452404
0.0452451
0.0452495
0.0452538
0.0452578
0.0452615
0.045265
0.0452683
0.0452713
0.0452741
0.0452766
0.0452788
0.0452808
0.0452824
0.0452838
0.045285
0.0452858
0.0452863
0.0452866
0.0452866
0.0452863
0.0452857
0.0452849
0.0452837
0.0452823
0.0452806
0.0452786
0.0452764
0.0452739
0.0452711
0.045268
0.0452647
0.0452612
0.0452574
0.0452534
0.0452492
0.0452447
0.04524
0.0452352
0.0452301
0.0452248
0.0452194
0.0452138
0.045208
0.0452022
0.0451961
0.04519
0.0451837
0.0451774
0.0451709
0.0451644
0.0451579
0.0451513
0.0451447
0.0451381
0.0451315
0.0451249
0.0451183
0.0451119
0.0451055
0.0450992
0.045093
0.0450869
0.0450811
0.0450753
0.0450698
0.0450645
0.0450595
0.0450547
0.0450489
0.0450537
0.0450588
0.0450641
0.0450696
0.0450753
0.0450812
0.0450872
0.0450934
0.0450997
0.0451061
0.0451125
0.045119
0.0451256
0.0451322
0.0451388
0.0451454
0.0451519
0.0451585
0.0451649
0.0451714
0.0451777
0.0451839
0.04519
0.045196
0.0452019
0.0452076
0.0452132
0.0452186
0.0452239
0.0452289
0.0452338
0.0452384
0.0452428
0.0452471
0.045251
0.0452548
0.0452583
0.0452616
0.0452646
0.0452673
0.0452698
0.045272
0.045274
0.0452757
0.045277
0.0452782
0.045279
0.0452796
0.0452798
0.0452798
0.0452795
0.0452789
0.0452781
0.0452769
0.0452755
0.0452738
0.0452718
0.0452696
0.0452671
0.0452643
0.0452613
0.045258
0.0452545
0.0452507
0.0452467
0.0452425
0.045238
0.0452334
0.0452285
0.0452234
0.0452182
0.0452128
0.0452072
0.0452014
0.0451955
0.0451895
0.0451834
0.0451772
0.0451708
0.0451644
0.0451579
0.0451514
0.0451448
0.0451382
0.0451316
0.045125
0.0451185
0.0451119
0.0451055
0.0450991
0.0450928
0.0450866
0.0450806
0.0450747
0.045069
0.0450635
0.0450582
0.0450531
0.0450483
0.0450427
0.0450475
0.0450526
0.0450579
0.0450634
0.0450691
0.0450749
0.045081
0.0450871
0.0450934
0.0450998
0.0451062
0.0451127
0.0451193
0.0451258
0.0451324
0.045139
0.0451455
0.0451521
0.0451585
0.0451649
0.0451712
0.0451775
0.0451836
0.0451896
0.0451954
0.0452011
0.0452067
0.0452121
0.0452173
0.0452224
0.0452272
0.0452318
0.0452363
0.0452404
0.0452444
0.0452482
0.0452517
0.0452549
0.0452579
0.0452607
0.0452632
0.0452654
0.0452673
0.045269
0.0452704
0.0452715
0.0452723
0.0452729
0.0452732
0.0452731
0.0452729
0.0452723
0.0452714
0.0452703
0.0452688
0.0452672
0.0452652
0.045263
0.0452604
0.0452577
0.0452547
0.0452514
0.0452479
0.0452441
0.0452401
0.0452359
0.0452314
0.0452268
0.0452219
0.0452169
0.0452116
0.0452062
0.0452007
0.0451949
0.0451891
0.0451831
0.0451769
0.0451707
0.0451644
0.045158
0.0451515
0.045145
0.0451384
0.0451318
0.0451253
0.0451187
0.0451121
0.0451056
0.0450992
0.0450928
0.0450865
0.0450804
0.0450744
0.0450685
0.0450628
0.0450573
0.045052
0.0450469
0.0450421
0.0450366
0.0450414
0.0450465
0.0450517
0.0450572
0.0450629
0.0450688
0.0450748
0.045081
0.0450872
0.0450936
0.0451
0.0451065
0.0451131
0.0451196
0.0451262
0.0451327
0.0451393
0.0451458
0.0451522
0.0451586
0.0451649
0.0451711
0.0451772
0.0451832
0.045189
0.0451948
0.0452003
0.0452057
0.0452109
0.0452159
0.0452208
0.0452254
0.0452298
0.045234
0.045238
0.0452417
0.0452452
0.0452484
0.0452514
0.0452542
0.0452566
0.0452589
0.0452608
0.0452625
0.0452639
0.045265
0.0452658
0.0452664
0.0452666
0.0452666
0.0452663
0.0452657
0.0452649
0.0452637
0.0452623
0.0452606
0.0452587
0.0452564
0.045254
0.0452512
0.0452482
0.0452449
0.0452414
0.0452376
0.0452336
0.0452294
0.045225
0.0452203
0.0452155
0.0452105
0.0452052
0.0451998
0.0451943
0.0451886
0.0451827
0.0451767
0.0451706
0.0451644
0.0451581
0.0451517
0.0451452
0.0451387
0.0451322
0.0451256
0.045119
0.0451125
0.0451059
0.0450994
0.045093
0.0450866
0.0450804
0.0450742
0.0450682
0.0450623
0.0450567
0.0450512
0.0450459
0.0450408
0.045036
0.0450306
0.0450354
0.0450405
0.0450458
0.0450513
0.0450569
0.0450628
0.0450688
0.0450749
0.0450812
0.0450875
0.045094
0.0451005
0.045107
0.0451135
0.0451201
0.0451266
0.0451332
0.0451397
0.0451461
0.0451525
0.0451588
0.045165
0.045171
0.045177
0.0451829
0.0451885
0.0451941
0.0451995
0.0452046
0.0452097
0.0452145
0.0452191
0.0452235
0.0452277
0.0452317
0.0452354
0.0452389
0.0452421
0.0452451
0.0452478
0.0452503
0.0452525
0.0452544
0.0452561
0.0452575
0.0452586
0.0452595
0.04526
0.0452603
0.0452603
0.04526
0.0452594
0.0452585
0.0452574
0.045256
0.0452543
0.0452523
0.0452501
0.0452476
0.0452448
0.0452418
0.0452386
0.0452351
0.0452313
0.0452273
0.0452231
0.0452187
0.0452141
0.0452092
0.0452042
0.045199
0.0451936
0.045188
0.0451823
0.0451765
0.0451705
0.0451644
0.0451582
0.0451519
0.0451455
0.0451391
0.0451326
0.0451261
0.0451195
0.0451129
0.0451064
0.0450999
0.0450934
0.0450869
0.0450806
0.0450744
0.0450682
0.0450622
0.0450563
0.0450507
0.0450452
0.0450399
0.0450349
0.04503
0.0450248
0.0450296
0.0450347
0.0450399
0.0450454
0.0450511
0.045057
0.0450629
0.0450691
0.0450753
0.0450817
0.0450881
0.0450945
0.0451011
0.0451076
0.0451141
0.0451207
0.0451272
0.0451337
0.0451401
0.0451465
0.0451527
0.0451589
0.045165
0.045171
0.0451768
0.0451825
0.045188
0.0451934
0.0451986
0.0452036
0.0452084
0.045213
0.0452174
0.0452216
0.0452255
0.0452293
0.0452327
0.045236
0.045239
0.0452417
0.0452442
0.0452464
0.0452483
0.0452499
0.0452513
0.0452524
0.0452533
0.0452538
0.0452541
0.0452541
0.0452538
0.0452532
0.0452524
0.0452512
0.0452498
0.0452481
0.0452462
0.0452439
0.0452414
0.0452387
0.0452357
0.0452324
0.0452289
0.0452252
0.0452212
0.045217
0.0452126
0.045208
0.0452031
0.0451981
0.0451929
0.0451875
0.045182
0.0451763
0.0451705
0.0451645
0.0451584
0.0451522
0.0451459
0.0451395
0.0451331
0.0451266
0.0451201
0.0451136
0.045107
0.0451005
0.0450939
0.0450875
0.0450811
0.0450747
0.0450685
0.0450623
0.0450563
0.0450505
0.0450448
0.0450393
0.0450341
0.045029
0.0450242
0.0450192
0.045024
0.045029
0.0450343
0.0450398
0.0450454
0.0450513
0.0450573
0.0450634
0.0450696
0.045076
0.0450823
0.0450888
0.0450953
0.0451018
0.0451084
0.0451149
0.0451214
0.0451279
0.0451343
0.0451407
0.0451469
0.0451531
0.0451592
0.0451651
0.045171
0.0451766
0.0451822
0.0451875
0.0451927
0.0451977
0.0452025
0.0452071
0.0452115
0.0452157
0.0452196
0.0452233
0.0452268
0.04523
0.045233
0.0452358
0.0452382
0.0452404
0.0452423
0.045244
0.0452454
0.0452465
0.0452473
0.0452479
0.0452481
0.0452481
0.0452478
0.0452472
0.0452464
0.0452453
0.0452439
0.0452422
0.0452402
0.045238
0.0452355
0.0452328
0.0452298
0.0452265
0.045223
0.0452193
0.0452153
0.0452111
0.0452067
0.0452021
0.0451973
0.0451922
0.045187
0.0451817
0.0451761
0.0451704
0.0451646
0.0451587
0.0451526
0.0451464
0.0451401
0.0451338
0.0451273
0.0451209
0.0451143
0.0451078
0.0451013
0.0450947
0.0450882
0.0450818
0.0450753
0.045069
0.0450628
0.0450567
0.0450507
0.0450448
0.0450392
0.0450337
0.0450284
0.0450234
0.0450186
0.0450137
0.0450185
0.0450235
0.0450288
0.0450343
0.0450399
0.0450458
0.0450518
0.0450579
0.0450641
0.0450704
0.0450768
0.0450833
0.0450898
0.0450963
0.0451028
0.0451094
0.0451159
0.0451223
0.0451287
0.0451351
0.0451414
0.0451475
0.0451536
0.0451595
0.0451653
0.045171
0.0451765
0.0451819
0.045187
0.045192
0.0451968
0.0452014
0.0452058
0.04521
0.0452139
0.0452176
0.0452211
0.0452243
0.0452273
0.04523
0.0452325
0.0452347
0.0452366
0.0452383
0.0452397
0.0452408
0.0452416
0.0452421
0.0452424
0.0452424
0.0452421
0.0452415
0.0452407
0.0452395
0.0452381
0.0452365
0.0452345
0.0452323
0.0452298
0.0452271
0.0452241
0.0452208
0.0452173
0.0452136
0.0452096
0.0452054
0.045201
0.0451964
0.0451916
0.0451866
0.0451814
0.045176
0.0451705
0.0451648
0.045159
0.045153
0.045147
0.0451408
0.0451345
0.0451282
0.0451217
0.0451153
0.0451088
0.0451022
0.0450957
0.0450892
0.0450827
0.0450762
0.0450698
0.0450635
0.0450573
0.0450512
0.0450452
0.0450393
0.0450337
0.0450282
0.0450229
0.0450179
0.0450131
0.0450084
0.0450132
0.0450183
0.0450235
0.045029
0.0450347
0.0450405
0.0450465
0.0450526
0.0450588
0.0450651
0.0450715
0.045078
0.0450845
0.045091
0.0450975
0.045104
0.0451105
0.045117
0.0451234
0.0451297
0.045136
0.0451421
0.0451482
0.0451541
0.0451599
0.0451656
0.0451711
0.0451765
0.0451816
0.0451866
0.0451914
0.045196
0.0452004
0.0452046
0.0452085
0.0452122
0.0452157
0.0452189
0.0452219
0.0452246
0.0452271
0.0452292
0.0452312
0.0452328
0.0452342
0.0452353
0.0452361
0.0452367
0.0452369
0.0452369
0.0452366
0.0452361
0.0452352
0.0452341
0.0452327
0.045231
0.045229
0.0452268
0.0452243
0.0452216
0.0452186
0.0452154
0.0452119
0.0452081
0.0452042
0.0452
0.0451956
0.045191
0.0451862
0.0451812
0.045176
0.0451706
0.0451651
0.0451594
0.0451536
0.0451477
0.0451416
0.0451354
0.0451292
0.0451228
0.0451164
0.0451099
0.0451034
0.0450969
0.0450904
0.0450839
0.0450774
0.0450709
0.0450645
0.0450582
0.045052
0.0450459
0.0450399
0.0450341
0.0450284
0.0450229
0.0450177
0.0450126
0.0450078
0.0450034
0.0450082
0.0450132
0.0450185
0.045024
0.0450296
0.0450355
0.0450414
0.0450475
0.0450538
0.0450601
0.0450665
0.0450729
0.0450794
0.0450859
0.0450924
0.0450989
0.0451054
0.0451119
0.0451183
0.0451246
0.0451309
0.045137
0.0451431
0.045149
0.0451548
0.0451605
0.045166
0.0451713
0.0451765
0.0451815
0.0451863
0.0451909
0.0451952
0.0451994
0.0452033
0.0452071
0.0452105
0.0452137
0.0452167
0.0452194
0.0452219
0.0452241
0.045226
0.0452277
0.045229
0.0452301
0.045231
0.0452315
0.0452318
0.0452318
0.0452315
0.0452309
0.0452301
0.0452289
0.0452275
0.0452258
0.0452239
0.0452217
0.0452192
0.0452164
0.0452135
0.0452102
0.0452067
0.045203
0.045199
0.0451948
0.0451905
0.0451858
0.045181
0.045176
0.0451708
0.0451655
0.04516
0.0451543
0.0451485
0.0451425
0.0451365
0.0451303
0.045124
0.0451177
0.0451113
0.0451048
0.0450983
0.0450918
0.0450853
0.0450788
0.0450723
0.0450658
0.0450595
0.0450531
0.0450469
0.0450408
0.0450348
0.045029
0.0450234
0.0450179
0.0450126
0.0450076
0.0450028
0.0449986
0.0450034
0.0450084
0.0450137
0.0450192
0.0450248
0.0450307
0.0450366
0.0450427
0.045049
0.0450553
0.0450616
0.0450681
0.0450746
0.0450811
0.0450876
0.0450941
0.0451006
0.0451071
0.0451135
0.0451198
0.045126
0.0451322
0.0451382
0.0451442
0.04515
0.0451556
0.0451611
0.0451665
0.0451717
0.0451766
0.0451814
0.045186
0.0451904
0.0451946
0.0451985
0.0452022
0.0452057
0.0452089
0.0452119
0.0452146
0.045217
0.0452192
0.0452211
0.0452228
0.0452242
0.0452253
0.0452261
0.0452267
0.0452269
0.0452269
0.0452266
0.045226
0.0452252
0.0452241
0.0452227
0.045221
0.045219
0.0452168
0.0452143
0.0452116
0.0452086
0.0452054
0.0452019
0.0451981
0.0451942
0.04519
0.0451856
0.045181
0.0451762
0.0451712
0.045166
0.0451607
0.0451551
0.0451495
0.0451436
0.0451377
0.0451316
0.0451255
0.0451192
0.0451129
0.0451065
0.0451
0.0450935
0.045087
0.0450805
0.045074
0.0450675
0.045061
0.0450546
0.0450483
0.0450421
0.045036
0.04503
0.0450242
0.0450186
0.0450131
0.0450078
0.0450028
0.044998
