0.449497
0.449932
0.450357
0.450771
0.451175
0.451569
0.451954
0.452328
0.452693
0.453048
0.453393
0.453729
0.454055
0.454371
0.454679
0.454977
0.455265
0.455545
0.455815
0.456076
0.456328
0.456571
0.456805
0.45703
0.457247
0.457454
0.457653
0.457843
0.458024
0.458197
0.458361
0.458517
0.458664
0.458803
0.458933
0.459055
0.459168
0.459274
0.459371
0.459459
0.459539
0.459612
0.459675
0.459731
0.459779
0.459818
0.459849
0.459873
0.459888
0.459895
0.459893
0.459884
0.459866
0.459841
0.459807
0.459765
0.459715
0.459657
0.459591
0.459516
0.459434
0.459343
0.459245
0.459137
0.459023
0.458899
0.458767
0.458627
0.458479
0.458322
0.458157
0.457983
0.457801
0.45761
0.457411
0.457203
0.456986
0.456761
0.456527
0.456285
0.456033
0.455773
0.455503
0.455225
0.454937
0.454641
0.454335
0.454019
0.453695
0.453361
0.453017
0.452664
0.452301
0.451929
0.451547
0.451155
0.450752
0.45034
0.449917
0.449483
0.449932
0.450372
0.4508
0.45122
0.451628
0.452027
0.452415
0.452794
0.453163
0.453522
0.453871
0.454211
0.454541
0.454862
0.455173
0.455475
0.455766
0.45605
0.456323
0.456587
0.456842
0.457089
0.457326
0.457554
0.457773
0.457983
0.458184
0.458377
0.458561
0.458736
0.458902
0.45906
0.459209
0.45935
0.459482
0.459605
0.459721
0.459827
0.459925
0.460015
0.460097
0.46017
0.460235
0.460291
0.46034
0.460379
0.460411
0.460434
0.46045
0.460457
0.460456
0.460447
0.460429
0.460403
0.460369
0.460327
0.460276
0.460217
0.46015
0.460075
0.459991
0.4599
0.459799
0.459691
0.459574
0.459449
0.459316
0.459174
0.459023
0.458865
0.458697
0.458521
0.458337
0.458144
0.457942
0.457732
0.457512
0.457284
0.457047
0.456801
0.456547
0.456283
0.45601
0.455728
0.455437
0.455136
0.454827
0.454508
0.454179
0.453841
0.453494
0.453136
0.452769
0.452392
0.452005
0.451608
0.451201
0.450783
0.450356
0.449918
0.450357
0.4508
0.451235
0.451657
0.452071
0.452474
0.452867
0.45325
0.453623
0.453986
0.45434
0.454683
0.455017
0.455341
0.455656
0.45596
0.456256
0.456542
0.45682
0.457087
0.457345
0.457594
0.457834
0.458065
0.458287
0.4585
0.458704
0.458899
0.459085
0.459262
0.459431
0.459591
0.459742
0.459884
0.460018
0.460143
0.46026
0.460368
0.460467
0.460558
0.460641
0.460715
0.460781
0.460838
0.460887
0.460928
0.46096
0.460984
0.460999
0.461007
0.461005
0.460996
0.460978
0.460952
0.460918
0.460875
0.460824
0.460764
0.460697
0.46062
0.460536
0.460443
0.460342
0.460232
0.460114
0.459987
0.459852
0.459708
0.459556
0.459396
0.459226
0.459048
0.458861
0.458666
0.458461
0.458248
0.458026
0.457796
0.457555
0.457307
0.457049
0.456782
0.456505
0.456221
0.455925
0.455622
0.455308
0.454985
0.454652
0.454311
0.453959
0.453597
0.453225
0.452844
0.452452
0.452051
0.451639
0.451217
0.450785
0.450342
0.450771
0.45122
0.451657
0.452085
0.452503
0.45291
0.453308
0.453695
0.454072
0.454439
0.454796
0.455144
0.455481
0.455809
0.456127
0.456436
0.456734
0.457025
0.457304
0.457575
0.457836
0.458088
0.458331
0.458565
0.458789
0.459005
0.459211
0.459409
0.459597
0.459776
0.459947
0.460109
0.460262
0.460406
0.460542
0.460669
0.460787
0.460896
0.460997
0.461089
0.461173
0.461248
0.461314
0.461373
0.461422
0.461464
0.461496
0.46152
0.461536
0.461544
0.461543
0.461533
0.461515
0.461489
0.461454
0.461411
0.461359
0.461299
0.461231
0.461153
0.461068
0.460974
0.460872
0.46076
0.460641
0.460513
0.460376
0.460231
0.460077
0.459914
0.459743
0.459562
0.459373
0.459175
0.458969
0.458753
0.458528
0.458295
0.458052
0.4578
0.457539
0.457269
0.45699
0.4567
0.456403
0.456095
0.455778
0.455451
0.455115
0.454769
0.454413
0.454047
0.453671
0.453286
0.45289
0.452484
0.452068
0.451641
0.451204
0.450756
0.451175
0.451628
0.45207
0.452503
0.452925
0.453336
0.453738
0.454129
0.45451
0.454881
0.455243
0.455594
0.455935
0.456266
0.456588
0.4569
0.457202
0.457495
0.457778
0.458052
0.458316
0.458571
0.458817
0.459053
0.45928
0.459498
0.459707
0.459907
0.460097
0.460279
0.460452
0.460615
0.46077
0.460916
0.461053
0.461181
0.461301
0.461412
0.461514
0.461607
0.461692
0.461768
0.461836
0.461894
0.461945
0.461987
0.46202
0.462045
0.462061
0.462068
0.462067
0.462057
0.46204
0.462013
0.461978
0.461934
0.461882
0.461821
0.461752
0.461674
0.461588
0.461493
0.461389
0.461277
0.461156
0.461026
0.460888
0.460741
0.460585
0.46042
0.460247
0.460064
0.459873
0.459673
0.459464
0.459246
0.459018
0.458782
0.458537
0.458282
0.458018
0.457745
0.457462
0.45717
0.456869
0.456557
0.456237
0.455906
0.455566
0.455216
0.454857
0.454486
0.454107
0.453716
0.453317
0.452906
0.452486
0.452055
0.451613
0.451161
0.451569
0.452027
0.452474
0.45291
0.453337
0.453752
0.454158
0.454553
0.454938
0.455313
0.455678
0.456032
0.456377
0.456712
0.457038
0.457352
0.457658
0.457954
0.458241
0.458517
0.458785
0.459042
0.459291
0.45953
0.459759
0.45998
0.460191
0.460393
0.460585
0.460769
0.460943
0.461109
0.461266
0.461414
0.461552
0.461683
0.461803
0.461916
0.462019
0.462114
0.462199
0.462277
0.462345
0.462405
0.462455
0.462498
0.462531
0.462556
0.462572
0.462581
0.462579
0.462569
0.462551
0.462524
0.462489
0.462445
0.462393
0.462331
0.462261
0.462182
0.462095
0.461998
0.461893
0.46178
0.461658
0.461527
0.461387
0.461238
0.461081
0.460914
0.460739
0.460555
0.460361
0.460159
0.459947
0.459727
0.459497
0.459258
0.45901
0.458752
0.458485
0.458209
0.457924
0.457628
0.457323
0.457009
0.456684
0.456351
0.456007
0.455653
0.455289
0.454916
0.454532
0.454138
0.453733
0.453319
0.452894
0.452458
0.452012
0.451555
0.451954
0.452415
0.452867
0.453307
0.453738
0.454157
0.454567
0.454967
0.455355
0.455734
0.456102
0.456461
0.456809
0.457148
0.457476
0.457795
0.458103
0.458403
0.458692
0.458972
0.459241
0.459502
0.459753
0.459995
0.460226
0.46045
0.460663
0.460867
0.461062
0.461248
0.461424
0.461592
0.46175
0.461899
0.462039
0.462171
0.462293
0.462407
0.462512
0.462607
0.462694
0.462772
0.462841
0.462902
0.462953
0.462996
0.46303
0.463055
0.463072
0.46308
0.46308
0.463069
0.463051
0.463024
0.462987
0.462943
0.46289
0.462828
0.462757
0.462678
0.46259
0.462492
0.462387
0.462272
0.462148
0.462016
0.461874
0.461723
0.461564
0.461396
0.461219
0.461033
0.460837
0.460633
0.460419
0.460196
0.459964
0.459722
0.459471
0.459211
0.458941
0.458662
0.458373
0.458075
0.457767
0.457449
0.457121
0.456784
0.456436
0.456079
0.455712
0.455334
0.454946
0.454548
0.45414
0.453721
0.453292
0.452852
0.452401
0.451941
0.452328
0.452794
0.45325
0.453694
0.454129
0.454553
0.454966
0.455369
0.455762
0.456145
0.456517
0.456878
0.45723
0.457572
0.457904
0.458225
0.458538
0.458839
0.459132
0.459414
0.459688
0.45995
0.460204
0.460448
0.460683
0.460907
0.461124
0.461329
0.461527
0.461714
0.461894
0.462062
0.462222
0.462373
0.462515
0.462648
0.462772
0.462886
0.462992
0.463089
0.463176
0.463256
0.463325
0.463387
0.463439
0.463482
0.463516
0.463542
0.463559
0.463567
0.463566
0.463557
0.463538
0.463511
0.463474
0.46343
0.463376
0.463313
0.463242
0.463161
0.463072
0.462973
0.462867
0.462751
0.462626
0.462493
0.46235
0.462198
0.462036
0.461867
0.461687
0.461499
0.461301
0.461095
0.460879
0.460654
0.460419
0.460175
0.459921
0.459659
0.459385
0.459104
0.458812
0.45851
0.458199
0.457878
0.457547
0.457206
0.456855
0.456494
0.456123
0.455741
0.45535
0.454948
0.454535
0.454113
0.453679
0.453236
0.452781
0.452316
0.452693
0.453163
0.453623
0.454072
0.45451
0.454938
0.455355
0.455762
0.456159
0.456544
0.45692
0.457285
0.45764
0.457985
0.45832
0.458645
0.45896
0.459265
0.45956
0.459845
0.460121
0.460387
0.460643
0.46089
0.461127
0.461354
0.461572
0.46178
0.461979
0.462169
0.462349
0.462521
0.462682
0.462835
0.462978
0.463112
0.463237
0.463353
0.46346
0.463558
0.463647
0.463727
0.463797
0.463859
0.463911
0.463956
0.46399
0.464016
0.464034
0.464042
0.464041
0.464031
0.464013
0.463985
0.463949
0.463903
0.463849
0.463785
0.463714
0.463632
0.463543
0.463443
0.463335
0.463218
0.463092
0.462957
0.462813
0.462659
0.462497
0.462324
0.462143
0.461953
0.461754
0.461545
0.461327
0.461099
0.460863
0.460615
0.46036
0.460094
0.459819
0.459534
0.459239
0.458935
0.45862
0.458296
0.457962
0.457618
0.457263
0.4569
0.456524
0.45614
0.455744
0.455338
0.454922
0.454494
0.454058
0.453609
0.45315
0.452681
0.453048
0.453523
0.453985
0.454439
0.454881
0.455313
0.455734
0.456144
0.456544
0.456934
0.457312
0.457682
0.45804
0.458388
0.458726
0.459054
0.459372
0.45968
0.459978
0.460266
0.460544
0.460812
0.461071
0.46132
0.461559
0.461789
0.462009
0.46222
0.46242
0.462612
0.462794
0.462967
0.46313
0.463284
0.463429
0.463565
0.463691
0.463808
0.463917
0.464015
0.464105
0.464185
0.464257
0.464319
0.464373
0.464417
0.464453
0.464479
0.464496
0.464505
0.464504
0.464494
0.464475
0.464447
0.46441
0.464365
0.46431
0.464246
0.464173
0.464091
0.464
0.463901
0.463791
0.463673
0.463545
0.463409
0.463263
0.463108
0.462944
0.462771
0.462588
0.462396
0.462195
0.461984
0.461763
0.461534
0.461295
0.461046
0.460787
0.460518
0.46024
0.459953
0.459656
0.459348
0.45903
0.458704
0.458366
0.458018
0.457661
0.457293
0.456915
0.456526
0.456128
0.455717
0.455297
0.454867
0.454426
0.453973
0.453511
0.453037
0.453393
0.453871
0.454339
0.454796
0.455242
0.455678
0.456102
0.456516
0.456921
0.457313
0.457696
0.458067
0.458429
0.45878
0.459122
0.459452
0.459773
0.460084
0.460385
0.460675
0.460956
0.461227
0.461488
0.461739
0.461981
0.462212
0.462435
0.462647
0.46285
0.463043
0.463227
0.463402
0.463567
0.463722
0.463868
0.464006
0.464133
0.464251
0.46436
0.464461
0.464551
0.464633
0.464704
0.464768
0.464822
0.464867
0.464902
0.464929
0.464946
0.464955
0.464954
0.464944
0.464925
0.464897
0.46486
0.464814
0.464759
0.464694
0.464621
0.464538
0.464446
0.464345
0.464235
0.464116
0.463987
0.463849
0.463702
0.463546
0.46338
0.463205
0.463021
0.462827
0.462624
0.462411
0.462188
0.461956
0.461715
0.461463
0.461202
0.460932
0.460651
0.460361
0.460061
0.45975
0.459431
0.4591
0.45876
0.458409
0.458048
0.457677
0.457295
0.456903
0.456501
0.456087
0.455663
0.455229
0.454784
0.454328
0.45386
0.453383
0.453729
0.454211
0.454683
0.455143
0.455593
0.456032
0.456461
0.456878
0.457285
0.457682
0.458067
0.458442
0.458807
0.459162
0.459506
0.459839
0.460163
0.460477
0.46078
0.461073
0.461357
0.46163
0.461893
0.462147
0.46239
0.462624
0.462848
0.463063
0.463268
0.463463
0.463648
0.463825
0.463991
0.464148
0.464296
0.464434
0.464563
0.464683
0.464793
0.464894
0.464985
0.465067
0.46514
0.465204
0.465258
0.465304
0.46534
0.465367
0.465384
0.465393
0.465392
0.465383
0.465364
0.465336
0.465298
0.465251
0.465195
0.465131
0.465056
0.464973
0.46488
0.464779
0.464667
0.464547
0.464417
0.464278
0.46413
0.463972
0.463805
0.463628
0.463442
0.463246
0.463041
0.462826
0.462602
0.462367
0.462123
0.46187
0.461607
0.461334
0.461051
0.460758
0.460455
0.460142
0.459819
0.459485
0.459142
0.458788
0.458424
0.45805
0.457665
0.457269
0.456863
0.456447
0.456019
0.455581
0.455132
0.454672
0.454201
0.453719
0.454055
0.454541
0.455017
0.455481
0.455934
0.456378
0.456809
0.45723
0.45764
0.45804
0.458429
0.458807
0.459175
0.459532
0.459879
0.460216
0.460542
0.460858
0.461165
0.46146
0.461746
0.462022
0.462288
0.462543
0.462789
0.463025
0.463251
0.463467
0.463674
0.463871
0.464059
0.464236
0.464404
0.464563
0.464712
0.464851
0.464982
0.465102
0.465213
0.465315
0.465407
0.46549
0.465564
0.465629
0.465684
0.465729
0.465765
0.465793
0.46581
0.465819
0.465819
0.465809
0.465789
0.465761
0.465723
0.465676
0.46562
0.465555
0.46548
0.465396
0.465302
0.4652
0.465087
0.464966
0.464835
0.464695
0.464545
0.464386
0.464217
0.464038
0.463851
0.463653
0.463447
0.46323
0.463003
0.462767
0.462522
0.462266
0.462001
0.461725
0.461439
0.461144
0.460838
0.460522
0.460197
0.45986
0.459514
0.459157
0.45879
0.458412
0.458024
0.457626
0.457216
0.456796
0.456365
0.455923
0.45547
0.455007
0.454532
0.454046
0.454371
0.454862
0.455341
0.455809
0.456266
0.456712
0.457148
0.457572
0.457985
0.458388
0.45878
0.459161
0.459533
0.459893
0.460243
0.460582
0.460911
0.461229
0.461538
0.461836
0.462126
0.462402
0.462671
0.462929
0.463177
0.463415
0.463642
0.463861
0.464069
0.464268
0.464457
0.464636
0.464805
0.464966
0.465116
0.465257
0.465388
0.46551
0.465622
0.465725
0.465817
0.465902
0.465975
0.466041
0.466096
0.466143
0.466179
0.466207
0.466225
0.466234
0.466233
0.466223
0.466204
0.466175
0.466138
0.46609
0.466034
0.465967
0.465892
0.465807
0.465713
0.465609
0.465496
0.465373
0.465242
0.4651
0.464949
0.464788
0.464619
0.464439
0.464249
0.46405
0.463841
0.463622
0.463394
0.463157
0.462908
0.462651
0.462382
0.462105
0.461817
0.461519
0.461211
0.460893
0.460564
0.460225
0.459875
0.459516
0.459146
0.458765
0.458374
0.457972
0.457559
0.457136
0.456701
0.456255
0.455799
0.455332
0.454854
0.454364
0.454679
0.455173
0.455655
0.456127
0.456588
0.457037
0.457476
0.457904
0.45832
0.458726
0.459121
0.459506
0.459879
0.460243
0.460595
0.460938
0.461269
0.46159
0.461901
0.462202
0.462492
0.462773
0.463043
0.463303
0.463553
0.463793
0.464023
0.464243
0.464453
0.464654
0.464844
0.465025
0.465195
0.465357
0.465508
0.46565
0.465783
0.465905
0.466018
0.466122
0.466216
0.4663
0.466375
0.466441
0.466497
0.466543
0.466581
0.466608
0.466627
0.466636
0.466635
0.466625
0.466606
0.466577
0.466539
0.466491
0.466434
0.466367
0.466292
0.466206
0.466111
0.466007
0.465893
0.465769
0.465636
0.465494
0.465341
0.465179
0.465007
0.464827
0.464636
0.464435
0.464225
0.464004
0.463774
0.463534
0.463284
0.463024
0.462754
0.462474
0.462184
0.461883
0.461572
0.461252
0.460921
0.460579
0.460227
0.459864
0.459491
0.459107
0.458712
0.458307
0.457892
0.457465
0.457027
0.456578
0.456118
0.455648
0.455165
0.454672
0.454977
0.455474
0.455961
0.456436
0.4569
0.457353
0.457794
0.458226
0.458645
0.459054
0.459452
0.45984
0.460216
0.460582
0.460938
0.461282
0.461616
0.46194
0.462253
0.462556
0.462849
0.463132
0.463404
0.463666
0.463918
0.46416
0.464392
0.464613
0.464825
0.465027
0.465219
0.465402
0.465574
0.465736
0.465889
0.466032
0.466166
0.466289
0.466404
0.466508
0.466603
0.466688
0.466764
0.46683
0.466886
0.466933
0.466971
0.466999
0.467018
0.467027
0.467026
0.467016
0.466996
0.466968
0.466929
0.466881
0.466823
0.466756
0.466679
0.466593
0.466497
0.466392
0.466277
0.466153
0.466019
0.465875
0.465722
0.465559
0.465386
0.465203
0.46501
0.464808
0.464596
0.464374
0.464142
0.4639
0.463648
0.463387
0.463114
0.462832
0.462539
0.462237
0.461923
0.4616
0.461266
0.460922
0.460567
0.460202
0.459826
0.459439
0.459041
0.458633
0.458214
0.457784
0.457343
0.45689
0.456428
0.455953
0.455468
0.454971
0.455265
0.455766
0.456257
0.456735
0.457202
0.457658
0.458103
0.458537
0.45896
0.459372
0.459773
0.460163
0.460543
0.460911
0.461269
0.461616
0.461953
0.462279
0.462595
0.4629
0.463195
0.46348
0.463754
0.464018
0.464272
0.464516
0.464749
0.464973
0.465186
0.46539
0.465583
0.465767
0.465941
0.466105
0.466258
0.466403
0.466537
0.466662
0.466777
0.466883
0.466977
0.467064
0.46714
0.467207
0.467264
0.467312
0.467349
0.467378
0.467396
0.467405
0.467405
0.467394
0.467374
0.467345
0.467307
0.467258
0.467201
0.467133
0.467056
0.466969
0.466873
0.466767
0.46665
0.466525
0.46639
0.466245
0.466091
0.465926
0.465752
0.465568
0.465374
0.46517
0.464957
0.464733
0.464499
0.464255
0.464002
0.463737
0.463463
0.463178
0.462884
0.462579
0.462263
0.461938
0.461601
0.461254
0.460896
0.460529
0.46015
0.459761
0.45936
0.458949
0.458527
0.458094
0.45765
0.457194
0.456727
0.45625
0.455761
0.45526
0.455545
0.456049
0.456542
0.457025
0.457495
0.457955
0.458402
0.458839
0.459265
0.45968
0.460083
0.460477
0.460859
0.46123
0.46159
0.46194
0.462279
0.462608
0.462925
0.463233
0.46353
0.463817
0.464093
0.464359
0.464614
0.464861
0.465096
0.465321
0.465536
0.465741
0.465936
0.466121
0.466296
0.466461
0.466616
0.466762
0.466897
0.467023
0.467139
0.467245
0.467341
0.467428
0.467505
0.467572
0.467629
0.467677
0.467715
0.467744
0.467762
0.467772
0.467771
0.467761
0.467742
0.467712
0.467673
0.467624
0.467566
0.467498
0.467421
0.467333
0.467235
0.467129
0.467012
0.466886
0.46675
0.466604
0.466448
0.466283
0.466107
0.465922
0.465726
0.465521
0.465306
0.46508
0.464845
0.464599
0.464344
0.464077
0.463801
0.463515
0.463218
0.462911
0.462593
0.462265
0.461926
0.461577
0.461217
0.460846
0.460465
0.460072
0.45967
0.459255
0.45883
0.458394
0.457946
0.457488
0.457018
0.456536
0.456044
0.45554
0.455815
0.456323
0.45682
0.457304
0.457778
0.458241
0.458692
0.459132
0.45956
0.459978
0.460384
0.46078
0.461165
0.461539
0.461902
0.462253
0.462595
0.462925
0.463246
0.463556
0.463855
0.464143
0.464421
0.464689
0.464947
0.465194
0.465431
0.465658
0.465874
0.466081
0.466278
0.466464
0.46664
0.466806
0.466963
0.467109
0.467246
0.467372
0.467489
0.467596
0.467693
0.46778
0.467858
0.467926
0.467984
0.468032
0.46807
0.468099
0.468118
0.468128
0.468127
0.468117
0.468096
0.468068
0.468027
0.467979
0.46792
0.467851
0.467773
0.467685
0.467587
0.46748
0.467362
0.467235
0.467098
0.466951
0.466794
0.466627
0.466451
0.466264
0.466067
0.46586
0.465644
0.465417
0.465179
0.464933
0.464675
0.464407
0.464128
0.46384
0.463541
0.463232
0.462912
0.462581
0.46224
0.461889
0.461527
0.461153
0.460769
0.460374
0.459968
0.459551
0.459123
0.458684
0.458234
0.457772
0.457299
0.456815
0.456318
0.455811
0.456076
0.456587
0.457087
0.457576
0.458052
0.458517
0.458972
0.459414
0.459846
0.460266
0.460675
0.461073
0.46146
0.461836
0.462202
0.462557
0.4629
0.463233
0.463555
0.463867
0.464168
0.464459
0.464739
0.465009
0.465268
0.465517
0.465755
0.465984
0.466202
0.46641
0.466607
0.466795
0.466973
0.46714
0.467298
0.467445
0.467583
0.46771
0.467828
0.467936
0.468033
0.468121
0.468199
0.468267
0.468326
0.468375
0.468413
0.468442
0.468461
0.46847
0.46847
0.46846
0.46844
0.46841
0.468371
0.468321
0.468262
0.468193
0.468115
0.468026
0.467927
0.467819
0.467701
0.467573
0.467435
0.467287
0.467129
0.466961
0.466783
0.466595
0.466397
0.466189
0.465971
0.465742
0.465504
0.465254
0.464995
0.464726
0.464445
0.464155
0.463854
0.463543
0.463221
0.462888
0.462544
0.46219
0.461825
0.46145
0.461063
0.460665
0.460257
0.459837
0.459407
0.458964
0.458511
0.458046
0.45757
0.457083
0.456584
0.456073
0.456328
0.456842
0.457345
0.457836
0.458316
0.458785
0.459241
0.459687
0.460121
0.460544
0.460956
0.461356
0.461746
0.462124
0.462493
0.462849
0.463195
0.46353
0.463855
0.464168
0.464471
0.464764
0.465045
0.465317
0.465578
0.465829
0.466068
0.466298
0.466518
0.466728
0.466927
0.467116
0.467295
0.467463
0.467622
0.46777
0.467908
0.468037
0.468155
0.468263
0.468362
0.46845
0.468529
0.468597
0.468657
0.468706
0.468744
0.468774
0.468793
0.468803
0.468802
0.468792
0.468772
0.468742
0.468701
0.468653
0.468593
0.468523
0.468445
0.468355
0.468256
0.468147
0.468028
0.4679
0.46776
0.467611
0.467452
0.467283
0.467104
0.466915
0.466716
0.466506
0.466286
0.466056
0.465816
0.465565
0.465304
0.465033
0.464751
0.464459
0.464156
0.463842
0.463519
0.463184
0.462838
0.462481
0.462115
0.461736
0.461347
0.460947
0.460536
0.460113
0.45968
0.459235
0.458779
0.458311
0.457832
0.457342
0.45684
0.456326
0.456571
0.457089
0.457594
0.458089
0.458571
0.459043
0.459502
0.45995
0.460387
0.460812
0.461227
0.46163
0.462022
0.462402
0.462773
0.463131
0.46348
0.463816
0.464143
0.464459
0.464764
0.465058
0.465342
0.465615
0.465878
0.46613
0.466371
0.466602
0.466823
0.467034
0.467235
0.467425
0.467605
0.467774
0.467934
0.468083
0.468223
0.468352
0.468471
0.46858
0.468679
0.468769
0.468848
0.468917
0.468976
0.469025
0.469065
0.469094
0.469114
0.469123
0.469123
0.469113
0.469092
0.469062
0.469023
0.468972
0.468912
0.468843
0.468763
0.468673
0.468573
0.468463
0.468344
0.468214
0.468074
0.467924
0.467765
0.467594
0.467414
0.467224
0.467023
0.466812
0.466591
0.46636
0.466118
0.465866
0.465603
0.46533
0.465046
0.464753
0.464448
0.464132
0.463806
0.463469
0.463121
0.462763
0.462393
0.462012
0.461621
0.461219
0.460805
0.46038
0.459944
0.459497
0.459037
0.458567
0.458085
0.457592
0.457087
0.45657
0.456805
0.457326
0.457835
0.458331
0.458817
0.459291
0.459753
0.460204
0.460643
0.461071
0.461488
0.461893
0.462287
0.462671
0.463042
0.463404
0.463754
0.464093
0.464421
0.464739
0.465046
0.465342
0.465627
0.465902
0.466166
0.46642
0.466663
0.466896
0.467118
0.46733
0.467531
0.467723
0.467904
0.468074
0.468235
0.468385
0.468526
0.468655
0.468776
0.468886
0.468986
0.469075
0.469155
0.469224
0.469284
0.469334
0.469373
0.469403
0.469422
0.469432
0.469431
0.469421
0.469401
0.469371
0.469331
0.46928
0.46922
0.469149
0.469069
0.468979
0.468879
0.468768
0.468648
0.468517
0.468377
0.468226
0.468065
0.467894
0.467713
0.467521
0.467319
0.467107
0.466885
0.466652
0.466409
0.466155
0.465891
0.465616
0.465331
0.465035
0.464729
0.464411
0.464083
0.463744
0.463395
0.463033
0.462662
0.46228
0.461885
0.461481
0.461065
0.460637
0.460199
0.459748
0.459287
0.458813
0.458329
0.457832
0.457325
0.456805
0.45703
0.457554
0.458065
0.458565
0.459053
0.459529
0.459995
0.460447
0.46089
0.46132
0.461739
0.462147
0.462543
0.462928
0.463303
0.463666
0.464018
0.464359
0.46469
0.465009
0.465317
0.465615
0.465902
0.466178
0.466444
0.466699
0.466944
0.467178
0.467402
0.467615
0.467818
0.46801
0.468192
0.468364
0.468525
0.468676
0.468818
0.468948
0.469069
0.469179
0.46928
0.46937
0.46945
0.469521
0.46958
0.46963
0.46967
0.4697
0.46972
0.46973
0.469729
0.469719
0.469698
0.469668
0.469627
0.469577
0.469517
0.469446
0.469365
0.469274
0.469173
0.469062
0.468941
0.46881
0.468669
0.468517
0.468355
0.468184
0.468
0.467808
0.467605
0.467392
0.467167
0.466933
0.466689
0.466434
0.466168
0.465892
0.465605
0.465307
0.464999
0.46468
0.46435
0.464009
0.463657
0.463294
0.46292
0.462536
0.46214
0.461732
0.461314
0.460885
0.460443
0.459991
0.459527
0.459051
0.458563
0.458064
0.457553
0.457031
0.457247
0.457773
0.458287
0.458789
0.45928
0.459759
0.460227
0.460683
0.461127
0.461559
0.461981
0.462391
0.462789
0.463176
0.463553
0.463918
0.464272
0.464615
0.464947
0.465268
0.465578
0.465877
0.466166
0.466444
0.466711
0.466968
0.467214
0.46745
0.467674
0.467888
0.468092
0.468287
0.468469
0.468642
0.468804
0.468956
0.469098
0.46923
0.469351
0.469462
0.469563
0.469654
0.469735
0.469805
0.469865
0.469916
0.469956
0.469985
0.470006
0.470016
0.470015
0.470005
0.469984
0.469954
0.469913
0.469862
0.469801
0.46973
0.469649
0.469558
0.469457
0.469345
0.469223
0.469091
0.468949
0.468796
0.468634
0.468461
0.468277
0.468083
0.467879
0.467665
0.46744
0.467204
0.466958
0.466702
0.466435
0.466157
0.465868
0.465569
0.465259
0.464939
0.464606
0.464264
0.46391
0.463545
0.463169
0.462782
0.462384
0.461975
0.461554
0.461122
0.460679
0.460223
0.459757
0.459278
0.458788
0.458287
0.457773
0.457248
0.457454
0.457983
0.4585
0.459005
0.459498
0.45998
0.46045
0.460908
0.461354
0.461789
0.462212
0.462625
0.463025
0.463415
0.463793
0.464159
0.464516
0.464861
0.465194
0.465518
0.465829
0.46613
0.46642
0.4667
0.466968
0.467226
0.467473
0.467709
0.467936
0.468152
0.468356
0.468551
0.468735
0.468909
0.469072
0.469225
0.469367
0.4695
0.469622
0.469734
0.469835
0.469927
0.470008
0.470078
0.470139
0.47019
0.47023
0.47026
0.47028
0.47029
0.47029
0.470279
0.470259
0.470228
0.470187
0.470136
0.470075
0.470003
0.469922
0.46983
0.469728
0.469615
0.469494
0.469361
0.469218
0.469065
0.468901
0.468727
0.468543
0.468348
0.468143
0.467927
0.467701
0.467464
0.467216
0.466959
0.46669
0.466411
0.466121
0.46582
0.465509
0.465186
0.464852
0.464508
0.464153
0.463786
0.463408
0.463019
0.462619
0.462207
0.461784
0.46135
0.460904
0.460447
0.459978
0.459497
0.459005
0.4585
0.457984
0.457456
0.457653
0.458185
0.458704
0.459211
0.459707
0.460191
0.460663
0.461124
0.461572
0.462009
0.462434
0.462849
0.463251
0.463643
0.464023
0.464392
0.464749
0.465096
0.465431
0.465755
0.466069
0.466371
0.466663
0.466944
0.467214
0.467473
0.467722
0.46796
0.468187
0.468403
0.468609
0.468805
0.46899
0.469165
0.469329
0.469482
0.469626
0.469759
0.469881
0.469994
0.470096
0.470188
0.470269
0.470341
0.470402
0.470452
0.470493
0.470524
0.470543
0.470554
0.470553
0.470543
0.470522
0.470491
0.47045
0.470398
0.470337
0.470266
0.470184
0.470091
0.469989
0.469876
0.469753
0.469619
0.469476
0.469322
0.469157
0.468983
0.468797
0.468602
0.468395
0.468179
0.467951
0.467714
0.467464
0.467205
0.466936
0.466655
0.466363
0.466061
0.465748
0.465423
0.465089
0.464742
0.464385
0.464017
0.463637
0.463246
0.462844
0.46243
0.462005
0.461569
0.461121
0.460661
0.460189
0.459706
0.459211
0.458705
0.458186
0.457655
0.457843
0.458377
0.458899
0.459409
0.459907
0.460393
0.460867
0.461329
0.46178
0.462219
0.462647
0.463063
0.463467
0.463861
0.464242
0.464613
0.464973
0.465321
0.465658
0.465984
0.466299
0.466603
0.466895
0.467178
0.467449
0.46771
0.467959
0.468198
0.468427
0.468645
0.468851
0.469048
0.469234
0.46941
0.469574
0.469729
0.469873
0.470007
0.470131
0.470243
0.470345
0.470438
0.47052
0.470592
0.470652
0.470704
0.470744
0.470775
0.470795
0.470805
0.470805
0.470795
0.470774
0.470743
0.470701
0.47065
0.470588
0.470517
0.470434
0.470341
0.470238
0.470125
0.470002
0.469867
0.469723
0.469568
0.469403
0.469227
0.469041
0.468844
0.468637
0.468419
0.468191
0.467951
0.467702
0.467441
0.46717
0.466888
0.466595
0.466291
0.465977
0.465651
0.465314
0.464966
0.464607
0.464238
0.463856
0.463463
0.463059
0.462643
0.462216
0.461778
0.461327
0.460866
0.460392
0.459906
0.45941
0.4589
0.458379
0.457846
0.458024
0.458561
0.459085
0.459597
0.460097
0.460586
0.461061
0.461527
0.461979
0.46242
0.46285
0.463267
0.463674
0.464069
0.464452
0.464825
0.465186
0.465536
0.465874
0.466202
0.466518
0.466824
0.467118
0.467402
0.467674
0.467935
0.468187
0.468427
0.468656
0.468875
0.469083
0.469281
0.469468
0.469643
0.469809
0.469964
0.470109
0.470244
0.470368
0.470481
0.470584
0.470677
0.47076
0.470831
0.470893
0.470944
0.470985
0.471016
0.471036
0.471047
0.471046
0.471036
0.471015
0.470984
0.470942
0.47089
0.470828
0.470756
0.470673
0.47058
0.470477
0.470363
0.470239
0.470104
0.469959
0.469803
0.469637
0.469461
0.469274
0.469076
0.468868
0.468649
0.46842
0.46818
0.467929
0.467667
0.467394
0.467111
0.466817
0.466512
0.466196
0.465868
0.46553
0.46518
0.46482
0.464448
0.464065
0.463671
0.463264
0.462847
0.462418
0.461977
0.461526
0.461061
0.460585
0.460098
0.459598
0.459087
0.458564
0.458028
0.458197
0.458736
0.459262
0.459777
0.460279
0.46077
0.461248
0.461714
0.46217
0.462612
0.463043
0.463463
0.463871
0.464268
0.464654
0.465027
0.46539
0.465741
0.466081
0.46641
0.466727
0.467034
0.46733
0.467615
0.467888
0.468151
0.468404
0.468645
0.468875
0.469095
0.469304
0.469502
0.46969
0.469867
0.470034
0.47019
0.470335
0.47047
0.470594
0.470708
0.470811
0.470905
0.470987
0.47106
0.471121
0.471174
0.471214
0.471246
0.471266
0.471275
0.471276
0.471266
0.471244
0.471213
0.471171
0.471119
0.471057
0.470984
0.470901
0.470808
0.470704
0.470589
0.470465
0.47033
0.470184
0.470028
0.469861
0.469683
0.469496
0.469297
0.469088
0.468868
0.468638
0.468397
0.468145
0.467882
0.467608
0.467324
0.467028
0.466721
0.466404
0.466075
0.465736
0.465385
0.465022
0.464649
0.464264
0.463868
0.46346
0.463041
0.46261
0.462168
0.461713
0.461247
0.46077
0.46028
0.459779
0.459265
0.458739
0.458202
0.458361
0.458902
0.459431
0.459947
0.460451
0.460944
0.461424
0.461893
0.462349
0.462795
0.463227
0.463649
0.464058
0.464457
0.464844
0.465219
0.465583
0.465936
0.466277
0.466607
0.466926
0.467235
0.467531
0.467817
0.468092
0.468356
0.468609
0.468852
0.469083
0.469303
0.469514
0.469713
0.469901
0.470079
0.470246
0.470403
0.470549
0.470685
0.470809
0.470924
0.471028
0.471122
0.471205
0.471277
0.47134
0.471391
0.471433
0.471464
0.471484
0.471495
0.471494
0.471484
0.471462
0.471432
0.471389
0.471337
0.471275
0.471202
0.471118
0.471024
0.47092
0.470806
0.47068
0.470544
0.470398
0.470241
0.470074
0.469896
0.469707
0.469508
0.469298
0.469077
0.468847
0.468603
0.46835
0.468086
0.467812
0.467526
0.467228
0.466921
0.466602
0.466273
0.465931
0.465579
0.465215
0.46484
0.464453
0.464056
0.463646
0.463226
0.462793
0.462349
0.461893
0.461425
0.460945
0.460453
0.45995
0.459434
0.458906
0.458366
0.458517
0.45906
0.459591
0.460109
0.460615
0.46111
0.461591
0.462062
0.46252
0.462967
0.463401
0.463825
0.464236
0.464637
0.465024
0.465401
0.465767
0.466121
0.466464
0.466795
0.467116
0.467425
0.467723
0.46801
0.468286
0.468551
0.468805
0.469049
0.46928
0.469502
0.469713
0.469913
0.470102
0.470281
0.470448
0.470606
0.470752
0.470889
0.471014
0.471129
0.471233
0.471327
0.471411
0.471484
0.471546
0.471598
0.471639
0.471671
0.471691
0.471702
0.471701
0.471691
0.471669
0.471639
0.471596
0.471544
0.471481
0.471408
0.471324
0.47123
0.471125
0.47101
0.470884
0.470748
0.470601
0.470444
0.470275
0.470097
0.469907
0.469707
0.469497
0.469275
0.469043
0.468799
0.468545
0.46828
0.468005
0.467718
0.467419
0.467111
0.46679
0.466459
0.466116
0.465763
0.465398
0.465022
0.464633
0.464234
0.463823
0.4634
0.462966
0.462521
0.462063
0.461593
0.461111
0.460617
0.460112
0.459594
0.459064
0.458522
0.458664
0.459209
0.459742
0.460262
0.46077
0.461266
0.46175
0.462223
0.462682
0.46313
0.463567
0.463991
0.464405
0.464806
0.465195
0.465574
0.46594
0.466296
0.46664
0.466973
0.467294
0.467605
0.467904
0.468192
0.468469
0.468735
0.46899
0.469234
0.469467
0.46969
0.469901
0.470102
0.470292
0.470472
0.47064
0.470797
0.470945
0.471082
0.471207
0.471323
0.471428
0.471522
0.471606
0.471679
0.471742
0.471793
0.471836
0.471867
0.471888
0.471898
0.471898
0.471887
0.471866
0.471834
0.471792
0.47174
0.471677
0.471603
0.471519
0.471425
0.47132
0.471204
0.471077
0.470941
0.470793
0.470635
0.470466
0.470287
0.470097
0.469896
0.469685
0.469462
0.469229
0.468985
0.46873
0.468464
0.468187
0.467899
0.4676
0.46729
0.466969
0.466636
0.466292
0.465937
0.46557
0.465193
0.464803
0.464403
0.46399
0.463566
0.46313
0.462682
0.462223
0.461751
0.461268
0.460773
0.460265
0.459746
0.459214
0.45867
0.458803
0.45935
0.459884
0.460406
0.460916
0.461414
0.461899
0.462373
0.462835
0.463284
0.463722
0.464148
0.464563
0.464965
0.465357
0.465737
0.466104
0.466461
0.466806
0.467141
0.467463
0.467775
0.468075
0.468364
0.468642
0.468908
0.469165
0.46941
0.469643
0.469867
0.47008
0.470281
0.470471
0.470651
0.47082
0.470978
0.471126
0.471263
0.47139
0.471506
0.471611
0.471706
0.47179
0.471863
0.471926
0.471978
0.47202
0.472052
0.472073
0.472083
0.472083
0.472072
0.472051
0.472019
0.471977
0.471924
0.47186
0.471787
0.471703
0.471608
0.471503
0.471386
0.47126
0.471123
0.470974
0.470816
0.470646
0.470466
0.470276
0.470074
0.469862
0.469639
0.469405
0.46916
0.468904
0.468637
0.468359
0.46807
0.46777
0.467459
0.467137
0.466803
0.466458
0.466101
0.465734
0.465354
0.464964
0.464561
0.464148
0.463722
0.463285
0.462835
0.462374
0.461901
0.461417
0.460919
0.46041
0.459888
0.459355
0.458809
0.458933
0.459482
0.460018
0.460541
0.461053
0.461552
0.46204
0.462515
0.462978
0.463429
0.463868
0.464296
0.464712
0.465116
0.465508
0.465889
0.466259
0.466616
0.466963
0.467298
0.467622
0.467934
0.468235
0.468525
0.468804
0.469073
0.469329
0.469575
0.469809
0.470033
0.470246
0.470449
0.47064
0.47082
0.47099
0.471149
0.471297
0.471435
0.471562
0.471678
0.471783
0.471878
0.471963
0.472037
0.472099
0.472153
0.472194
0.472226
0.472247
0.472257
0.472257
0.472246
0.472225
0.472193
0.472151
0.472098
0.472035
0.471961
0.471876
0.471781
0.471675
0.471558
0.471432
0.471293
0.471145
0.470986
0.470817
0.470636
0.470444
0.470242
0.470029
0.469805
0.46957
0.469325
0.469067
0.4688
0.468521
0.468231
0.46793
0.467618
0.467294
0.46696
0.466613
0.466256
0.465887
0.465506
0.465114
0.464711
0.464296
0.463868
0.46343
0.462979
0.462517
0.462042
0.461555
0.461057
0.460546
0.460023
0.459488
0.45894
0.459055
0.459605
0.460143
0.460668
0.461181
0.461682
0.462171
0.462648
0.463112
0.463565
0.464005
0.464434
0.464851
0.465257
0.46565
0.466032
0.466402
0.466761
0.467108
0.467445
0.46777
0.468084
0.468385
0.468677
0.468956
0.469225
0.469483
0.469729
0.469965
0.470189
0.470403
0.470606
0.470797
0.470979
0.471149
0.471308
0.471457
0.471595
0.471722
0.471839
0.471945
0.47204
0.472125
0.472199
0.472262
0.472315
0.472357
0.472389
0.47241
0.47242
0.47242
0.47241
0.472388
0.472356
0.472313
0.47226
0.472197
0.472123
0.472037
0.471943
0.471837
0.471719
0.471592
0.471454
0.471305
0.471145
0.470975
0.470794
0.470602
0.470399
0.470185
0.469961
0.469725
0.469478
0.469221
0.468952
0.468673
0.468381
0.46808
0.467766
0.467442
0.467106
0.466759
0.4664
0.466031
0.465649
0.465256
0.464851
0.464434
0.464006
0.463566
0.463113
0.46265
0.462174
0.461686
0.461185
0.460673
0.460148
0.459611
0.459062
0.459168
0.45972
0.460259
0.460786
0.461301
0.461803
0.462293
0.462772
0.463237
0.463691
0.464133
0.464563
0.464981
0.465387
0.465782
0.466166
0.466537
0.466897
0.467246
0.467583
0.467908
0.468223
0.468525
0.468817
0.469098
0.469368
0.469626
0.469873
0.470109
0.470334
0.470549
0.470752
0.470945
0.471126
0.471297
0.471457
0.471606
0.471745
0.471872
0.471989
0.472095
0.472191
0.472276
0.47235
0.472414
0.472467
0.472509
0.472541
0.472562
0.472572
0.472572
0.472562
0.47254
0.472508
0.472466
0.472413
0.472349
0.472274
0.472189
0.472093
0.471986
0.47187
0.471742
0.471603
0.471454
0.471294
0.471123
0.470941
0.470749
0.470545
0.470331
0.470105
0.469869
0.469622
0.469364
0.469094
0.468815
0.468523
0.468219
0.467905
0.46758
0.467243
0.466895
0.466535
0.466164
0.465781
0.465387
0.464981
0.464563
0.464134
0.463693
0.463239
0.462774
0.462297
0.461807
0.461305
0.460792
0.460265
0.459727
0.459176
0.459274
0.459827
0.460368
0.460896
0.461411
0.461916
0.462407
0.462886
0.463354
0.463808
0.464251
0.464683
0.465102
0.465509
0.465905
0.466289
0.466662
0.467022
0.467372
0.46771
0.468037
0.468352
0.468656
0.468949
0.46923
0.4695
0.469759
0.470007
0.470244
0.47047
0.470685
0.470888
0.471081
0.471263
0.471435
0.471595
0.471744
0.471883
0.472011
0.472129
0.472235
0.472331
0.472416
0.472491
0.472554
0.472608
0.47265
0.472681
0.472703
0.472714
0.472713
0.472702
0.472681
0.472649
0.472606
0.472553
0.472489
0.472414
0.472329
0.472233
0.472126
0.472009
0.47188
0.471742
0.471592
0.471431
0.47126
0.471078
0.470885
0.470681
0.470466
0.47024
0.470003
0.469755
0.469496
0.469226
0.468945
0.468653
0.468349
0.468034
0.467707
0.46737
0.467021
0.466661
0.466288
0.465905
0.465509
0.465102
0.464683
0.464253
0.46381
0.463356
0.462889
0.46241
0.46192
0.461416
0.460901
0.460374
0.459834
0.459282
0.45937
0.459925
0.460467
0.460997
0.461514
0.462019
0.462511
0.462992
0.46346
0.463917
0.46436
0.464792
0.465213
0.465621
0.466018
0.466404
0.466777
0.467138
0.467489
0.467827
0.468155
0.468471
0.468775
0.469069
0.469351
0.469622
0.469881
0.47013
0.470368
0.470594
0.470809
0.471014
0.471207
0.47139
0.471562
0.471722
0.471872
0.472012
0.472139
0.472257
0.472364
0.47246
0.472546
0.472621
0.472684
0.472737
0.47278
0.472812
0.472833
0.472843
0.472843
0.472833
0.472811
0.472779
0.472736
0.472683
0.472618
0.472544
0.472458
0.472362
0.472255
0.472137
0.472009
0.47187
0.471719
0.471559
0.471387
0.471204
0.47101
0.470806
0.470591
0.470365
0.470127
0.469878
0.469619
0.469348
0.469066
0.468773
0.468468
0.468152
0.467826
0.467487
0.467137
0.466776
0.466403
0.466018
0.465622
0.465213
0.464794
0.464362
0.463918
0.463462
0.462995
0.462515
0.462023
0.461519
0.461002
0.460474
0.459933
0.459378
0.459459
0.460015
0.460558
0.461089
0.461607
0.462113
0.462607
0.463089
0.463558
0.464015
0.46446
0.464893
0.465315
0.465724
0.466122
0.466508
0.466882
0.467245
0.467595
0.467935
0.468263
0.46858
0.468886
0.469179
0.469462
0.469733
0.469994
0.470243
0.470481
0.470708
0.470924
0.471129
0.471323
0.471506
0.471678
0.471839
0.471989
0.472128
0.472257
0.472375
0.472482
0.472578
0.472664
0.472739
0.472803
0.472856
0.472899
0.472931
0.472952
0.472963
0.472963
0.472952
0.472931
0.472898
0.472855
0.472802
0.472737
0.472662
0.472576
0.47248
0.472373
0.472255
0.472126
0.471987
0.471837
0.471674
0.471502
0.47132
0.471126
0.470921
0.470705
0.470478
0.47024
0.469991
0.469732
0.469459
0.469177
0.468883
0.468579
0.468262
0.467934
0.467594
0.467244
0.466881
0.466507
0.466122
0.465725
0.465316
0.464895
0.464462
0.464017
0.463561
0.463092
0.462611
0.462118
0.461612
0.461095
0.460565
0.460022
0.459468
0.459539
0.460097
0.460641
0.461173
0.461692
0.462199
0.462694
0.463177
0.463647
0.464104
0.464551
0.464985
0.465407
0.465817
0.466216
0.466603
0.466978
0.467341
0.467693
0.468033
0.468362
0.468679
0.468985
0.46928
0.469563
0.469835
0.470096
0.470346
0.470584
0.470811
0.471028
0.471233
0.471427
0.471611
0.471784
0.471945
0.472095
0.472235
0.472364
0.472482
0.472589
0.472686
0.472772
0.472847
0.472911
0.472964
0.473007
0.473039
0.473061
0.473072
0.473071
0.47306
0.473039
0.473007
0.472963
0.47291
0.472845
0.47277
0.472684
0.472587
0.47248
0.472361
0.472233
0.472093
0.471942
0.47178
0.471608
0.471425
0.47123
0.471025
0.470809
0.470581
0.470343
0.470094
0.469832
0.46956
0.469277
0.468983
0.468677
0.46836
0.468032
0.467692
0.46734
0.466978
0.466602
0.466216
0.465818
0.465408
0.464986
0.464553
0.464108
0.46365
0.46318
0.462698
0.462204
0.461697
0.461179
0.460648
0.460104
0.459548
0.459612
0.46017
0.460715
0.461248
0.461768
0.462277
0.462772
0.463256
0.463727
0.464185
0.464632
0.465068
0.46549
0.465901
0.4663
0.466688
0.467064
0.467428
0.46778
0.468121
0.46845
0.468768
0.469074
0.46937
0.469654
0.469926
0.470188
0.470437
0.470677
0.470905
0.471122
0.471327
0.471522
0.471706
0.471878
0.47204
0.472191
0.472331
0.47246
0.472579
0.472686
0.472782
0.472869
0.472943
0.473008
0.473062
0.473105
0.473137
0.473158
0.473169
0.473169
0.473158
0.473136
0.473104
0.473061
0.473007
0.472943
0.472867
0.472781
0.472684
0.472577
0.472458
0.472329
0.472189
0.472038
0.471876
0.471703
0.47152
0.471325
0.471119
0.470902
0.470674
0.470436
0.470185
0.469924
0.469652
0.469367
0.469073
0.468767
0.468449
0.46812
0.467779
0.467427
0.467064
0.466688
0.466301
0.465902
0.465491
0.465069
0.464634
0.464188
0.46373
0.46326
0.462777
0.462282
0.461774
0.461255
0.460722
0.460177
0.45962
0.459675
0.460235
0.460781
0.461315
0.461836
0.462345
0.462842
0.463326
0.463797
0.464257
0.464705
0.465141
0.465563
0.465976
0.466375
0.466764
0.46714
0.467504
0.467857
0.468199
0.468529
0.468847
0.469154
0.46945
0.469734
0.470008
0.470269
0.47052
0.470759
0.470988
0.471204
0.47141
0.471605
0.471789
0.471963
0.472125
0.472276
0.472416
0.472546
0.472664
0.472772
0.472869
0.472955
0.47303
0.473094
0.473148
0.473191
0.473223
0.473245
0.473255
0.473255
0.473244
0.473222
0.47319
0.473147
0.473093
0.473029
0.472953
0.472867
0.47277
0.472662
0.472544
0.472414
0.472274
0.472122
0.47196
0.471787
0.471603
0.471408
0.471202
0.470985
0.470757
0.470517
0.470267
0.470006
0.469732
0.469448
0.469153
0.468846
0.468528
0.468198
0.467857
0.467504
0.46714
0.466764
0.466376
0.465976
0.465565
0.465142
0.464707
0.46426
0.4638
0.46333
0.462846
0.46235
0.461842
0.461321
0.460788
0.460243
0.459684
0.459731
0.460291
0.460838
0.461373
0.461895
0.462405
0.462902
0.463386
0.463859
0.464319
0.464768
0.465204
0.465628
0.466041
0.466441
0.46683
0.467206
0.467572
0.467925
0.468267
0.468598
0.468916
0.469224
0.46952
0.469805
0.470078
0.470341
0.470591
0.470832
0.47106
0.471277
0.471484
0.471679
0.471863
0.472036
0.472199
0.47235
0.47249
0.47262
0.472739
0.472847
0.472944
0.47303
0.473105
0.47317
0.473223
0.473267
0.473299
0.47332
0.473331
0.473331
0.47332
0.473298
0.473266
0.473223
0.473169
0.473103
0.473029
0.472942
0.472845
0.472737
0.472618
0.472488
0.472348
0.472196
0.472034
0.471861
0.471676
0.471481
0.471275
0.471057
0.470829
0.470589
0.470338
0.470076
0.469803
0.469518
0.469223
0.468915
0.468597
0.468267
0.467924
0.467571
0.467206
0.46683
0.466442
0.466042
0.46563
0.465206
0.464771
0.464322
0.463863
0.46339
0.462907
0.46241
0.461901
0.46138
0.460846
0.460299
0.45974
0.459779
0.46034
0.460887
0.461422
0.461945
0.462455
0.462953
0.463439
0.463912
0.464373
0.464822
0.465258
0.465684
0.466096
0.466497
0.466886
0.467263
0.46763
0.467984
0.468325
0.468656
0.468976
0.469284
0.46958
0.469865
0.470139
0.470402
0.470653
0.470893
0.471121
0.47134
0.471546
0.471741
0.471926
0.4721
0.472262
0.472414
0.472554
0.472685
0.472803
0.472911
0.473008
0.473094
0.47317
0.473235
0.473288
0.473332
0.473364
0.473386
0.473396
0.473395
0.473385
0.473363
0.473331
0.473288
0.473234
0.473168
0.473094
0.473006
0.472909
0.472801
0.472682
0.472552
0.472412
0.47226
0.472098
0.471924
0.47174
0.471544
0.471337
0.47112
0.470891
0.470651
0.4704
0.470137
0.469864
0.469579
0.469283
0.468975
0.468656
0.468324
0.467983
0.467629
0.467264
0.466887
0.466498
0.466097
0.465685
0.465261
0.464824
0.464376
0.463916
0.463443
0.462958
0.462461
0.461951
0.461429
0.460895
0.460348
0.459788
0.459818
0.460379
0.460928
0.461464
0.461987
0.462497
0.462996
0.463482
0.463955
0.464417
0.464867
0.465303
0.465729
0.466142
0.466544
0.466934
0.467311
0.467677
0.468032
0.468375
0.468706
0.469026
0.469333
0.46963
0.469915
0.47019
0.470452
0.470704
0.470944
0.471173
0.471391
0.471598
0.471793
0.471979
0.472152
0.472315
0.472467
0.472607
0.472737
0.472856
0.472964
0.473062
0.473148
0.473223
0.473288
0.473342
0.473385
0.473418
0.473439
0.47345
0.47345
0.473439
0.473417
0.473385
0.473341
0.473287
0.473222
0.473147
0.47306
0.472963
0.472855
0.472735
0.472606
0.472464
0.472313
0.47215
0.471976
0.471791
0.471596
0.471389
0.471171
0.470942
0.470702
0.470451
0.470188
0.469914
0.469629
0.469332
0.469024
0.468705
0.468373
0.468031
0.467677
0.467311
0.466934
0.466545
0.466144
0.465731
0.465306
0.46487
0.464421
0.46396
0.463487
0.463001
0.462504
0.461993
0.461471
0.460936
0.460388
0.459828
0.459849
0.460411
0.46096
0.461496
0.46202
0.462531
0.46303
0.463517
0.46399
0.464453
0.464902
0.46534
0.465766
0.466179
0.466581
0.466971
0.467349
0.467716
0.46807
0.468413
0.468745
0.469064
0.469373
0.46967
0.469956
0.47023
0.470493
0.470745
0.470985
0.471214
0.471432
0.47164
0.471836
0.472021
0.472194
0.472357
0.472509
0.47265
0.47278
0.472899
0.473007
0.473104
0.473191
0.473266
0.473331
0.473385
0.473429
0.473461
0.473482
0.473493
0.473493
0.473482
0.47346
0.473428
0.473384
0.47333
0.473265
0.47319
0.473103
0.473006
0.472897
0.472778
0.472648
0.472507
0.472355
0.472192
0.472018
0.471834
0.471637
0.471431
0.471212
0.470983
0.470743
0.470491
0.470229
0.469954
0.469669
0.469372
0.469064
0.468744
0.468413
0.46807
0.467716
0.46735
0.466972
0.466582
0.466181
0.465768
0.465342
0.464906
0.464456
0.463994
0.463521
0.463035
0.462537
0.462026
0.461504
0.460968
0.46042
0.459859
0.459873
0.460435
0.460984
0.46152
0.462044
0.462556
0.463056
0.463542
0.464016
0.464479
0.464929
0.465367
0.465793
0.466207
0.466609
0.466999
0.467378
0.467744
0.468099
0.468442
0.468774
0.469094
0.469403
0.4697
0.469986
0.47026
0.470524
0.470775
0.471016
0.471245
0.471464
0.471671
0.471867
0.472052
0.472226
0.472389
0.472541
0.472682
0.472812
0.472931
0.47304
0.473137
0.473223
0.473299
0.473364
0.473418
0.473461
0.473493
0.473515
0.473525
0.473526
0.473514
0.473493
0.47346
0.473417
0.473363
0.473298
0.473222
0.473135
0.473038
0.472929
0.47281
0.47268
0.472539
0.472387
0.472224
0.47205
0.471865
0.471668
0.471462
0.471243
0.471014
0.470773
0.470522
0.470259
0.469985
0.469699
0.469402
0.469093
0.468774
0.468441
0.468099
0.467744
0.467378
0.467
0.46661
0.466209
0.465795
0.46537
0.464932
0.464483
0.464021
0.463547
0.463061
0.462562
0.462051
0.461528
0.460992
0.460443
0.459882
0.459888
0.46045
0.461
0.461536
0.462061
0.462573
0.463072
0.463559
0.464034
0.464496
0.464946
0.465385
0.465811
0.466225
0.466627
0.467017
0.467396
0.467763
0.468118
0.468461
0.468793
0.469113
0.469422
0.46972
0.470006
0.47028
0.470543
0.470796
0.471036
0.471266
0.471484
0.471691
0.471888
0.472073
0.472247
0.47241
0.472562
0.472703
0.472833
0.472952
0.47306
0.473158
0.473244
0.47332
0.473385
0.473439
0.473482
0.473515
0.473536
0.473547
0.473547
0.473536
0.473514
0.473482
0.473438
0.473384
0.473319
0.473243
0.473157
0.473059
0.472951
0.472831
0.472701
0.47256
0.472408
0.472245
0.472071
0.471886
0.47169
0.471482
0.471264
0.471034
0.470794
0.470542
0.470279
0.470004
0.469718
0.469421
0.469113
0.468792
0.468461
0.468118
0.467763
0.467396
0.467018
0.466628
0.466227
0.465813
0.465387
0.46495
0.4645
0.464038
0.463564
0.463077
0.462578
0.462067
0.461544
0.461007
0.460459
0.459897
0.459895
0.460457
0.461006
0.461544
0.462068
0.462581
0.46308
0.463567
0.464042
0.464505
0.464955
0.465394
0.465819
0.466234
0.466636
0.467027
0.467405
0.467772
0.468127
0.468471
0.468803
0.469123
0.469432
0.46973
0.470016
0.47029
0.470554
0.470806
0.471046
0.471276
0.471495
0.471702
0.471898
0.472083
0.472257
0.47242
0.472573
0.472713
0.472844
0.472963
0.473071
0.473169
0.473256
0.473331
0.473396
0.47345
0.473493
0.473525
0.473547
0.473558
0.473558
0.473547
0.473525
0.473493
0.473449
0.473395
0.47333
0.473254
0.473167
0.47307
0.472961
0.472842
0.472712
0.472571
0.472418
0.472256
0.472081
0.471896
0.4717
0.471493
0.471274
0.471045
0.470804
0.470552
0.470289
0.470014
0.469728
0.469431
0.469122
0.468802
0.468471
0.468127
0.467773
0.467406
0.467028
0.466637
0.466236
0.465822
0.465396
0.464958
0.464508
0.464046
0.463572
0.463085
0.462587
0.462075
0.461552
0.461015
0.460466
0.459904
0.459893
0.460456
0.461005
0.461543
0.462067
0.462579
0.463079
0.463566
0.464041
0.464504
0.464954
0.465393
0.465819
0.466233
0.466635
0.467026
0.467405
0.467772
0.468127
0.46847
0.468802
0.469123
0.469432
0.469729
0.470015
0.47029
0.470553
0.470805
0.471046
0.471276
0.471494
0.471702
0.471898
0.472083
0.472257
0.47242
0.472572
0.472713
0.472844
0.472963
0.473071
0.473168
0.473255
0.473331
0.473396
0.47345
0.473493
0.473525
0.473547
0.473557
0.473557
0.473547
0.473525
0.473493
0.473449
0.473395
0.47333
0.473254
0.473167
0.47307
0.472961
0.472842
0.472711
0.472571
0.472418
0.472255
0.472081
0.471896
0.4717
0.471492
0.471274
0.471044
0.470804
0.470552
0.470288
0.470014
0.469728
0.469431
0.469122
0.468802
0.46847
0.468127
0.467772
0.467405
0.467027
0.466637
0.466235
0.465821
0.465396
0.464957
0.464508
0.464045
0.463571
0.463084
0.462586
0.462074
0.46155
0.461014
0.460465
0.459903
0.459884
0.460447
0.460996
0.461533
0.462058
0.46257
0.463069
0.463557
0.464031
0.464494
0.464944
0.465383
0.465809
0.466223
0.466625
0.467016
0.467394
0.467761
0.468117
0.46846
0.468792
0.469112
0.469421
0.469719
0.470005
0.470279
0.470543
0.470795
0.471036
0.471265
0.471483
0.471691
0.471887
0.472072
0.472246
0.472409
0.472561
0.472703
0.472833
0.472952
0.47306
0.473158
0.473244
0.47332
0.473385
0.473439
0.473482
0.473514
0.473536
0.473546
0.473547
0.473536
0.473514
0.473481
0.473438
0.473384
0.473319
0.473243
0.473156
0.473059
0.47295
0.472831
0.472701
0.47256
0.472408
0.472244
0.47207
0.471885
0.471689
0.471481
0.471263
0.471034
0.470793
0.470541
0.470278
0.470003
0.469717
0.46942
0.469112
0.468791
0.46846
0.468117
0.467761
0.467395
0.467017
0.466627
0.466225
0.465811
0.465385
0.464948
0.464498
0.464035
0.463561
0.463075
0.462576
0.462065
0.46154
0.461004
0.460455
0.459894
0.459866
0.460429
0.460978
0.461515
0.46204
0.462551
0.463051
0.463538
0.464012
0.464475
0.464926
0.465363
0.46579
0.466203
0.466606
0.466996
0.467375
0.467742
0.468097
0.46844
0.468772
0.469092
0.469401
0.469698
0.469985
0.470259
0.470522
0.470774
0.471015
0.471244
0.471463
0.47167
0.471866
0.472051
0.472225
0.472388
0.47254
0.472681
0.472811
0.47293
0.473039
0.473136
0.473223
0.473298
0.473363
0.473417
0.47346
0.473493
0.473514
0.473525
0.473525
0.473514
0.473492
0.47346
0.473416
0.473362
0.473297
0.473221
0.473135
0.473038
0.472929
0.47281
0.472679
0.472538
0.472386
0.472223
0.472049
0.471864
0.471668
0.471461
0.471242
0.471013
0.470772
0.47052
0.470257
0.469983
0.469697
0.4694
0.469092
0.468772
0.468439
0.468097
0.467741
0.467376
0.466998
0.466607
0.466206
0.465792
0.465366
0.464929
0.464478
0.464017
0.463543
0.463056
0.462557
0.462046
0.461523
0.460986
0.460437
0.459876
0.459841
0.460403
0.460952
0.461489
0.462013
0.462525
0.463024
0.463511
0.463985
0.464447
0.464897
0.465335
0.465761
0.466175
0.466577
0.466967
0.467346
0.467712
0.468067
0.46841
0.468742
0.469062
0.469371
0.469668
0.469953
0.470228
0.470491
0.470743
0.470984
0.471213
0.471431
0.471638
0.471834
0.472019
0.472193
0.472356
0.472508
0.472649
0.472779
0.472898
0.473006
0.473104
0.47319
0.473266
0.473331
0.473384
0.473428
0.47346
0.473482
0.473492
0.473493
0.473482
0.47346
0.473427
0.473384
0.47333
0.473265
0.473189
0.473102
0.473005
0.472897
0.472778
0.472647
0.472506
0.472354
0.472191
0.472017
0.471833
0.471636
0.471429
0.471211
0.470982
0.470741
0.470489
0.470226
0.469952
0.469667
0.469369
0.469061
0.468741
0.46841
0.468067
0.467712
0.467346
0.466968
0.466578
0.466177
0.465764
0.465338
0.4649
0.464451
0.463989
0.463515
0.463029
0.46253
0.462019
0.461496
0.46096
0.460412
0.45985
0.459807
0.460369
0.460918
0.461454
0.461978
0.462489
0.462988
0.463475
0.463949
0.46441
0.46486
0.465298
0.465724
0.466137
0.466539
0.466928
0.467307
0.467673
0.468028
0.468371
0.468702
0.469022
0.46933
0.469627
0.469913
0.470187
0.47045
0.470702
0.470942
0.471171
0.471389
0.471596
0.471792
0.471977
0.472151
0.472314
0.472465
0.472606
0.472736
0.472855
0.472963
0.473061
0.473147
0.473223
0.473287
0.473341
0.473384
0.473417
0.473438
0.473449
0.473449
0.473438
0.473416
0.473384
0.473341
0.473286
0.473222
0.473146
0.473059
0.472962
0.472853
0.472734
0.472604
0.472464
0.472312
0.472149
0.471975
0.47179
0.471594
0.471387
0.471169
0.47094
0.4707
0.470448
0.470185
0.469911
0.469626
0.469329
0.469021
0.468701
0.46837
0.468027
0.467673
0.467307
0.46693
0.46654
0.466139
0.465726
0.4653
0.464863
0.464414
0.463953
0.463479
0.462993
0.462495
0.461984
0.461461
0.460926
0.460377
0.459816
0.459765
0.460327
0.460875
0.461411
0.461934
0.462445
0.462943
0.463429
0.463903
0.464365
0.464814
0.465251
0.465677
0.46609
0.466491
0.46688
0.467259
0.467625
0.467979
0.468321
0.468652
0.468972
0.46928
0.469577
0.469862
0.470137
0.470399
0.47065
0.470891
0.471119
0.471338
0.471545
0.47174
0.471924
0.472099
0.472261
0.472412
0.472553
0.472683
0.472802
0.47291
0.473006
0.473094
0.473169
0.473234
0.473287
0.473331
0.473363
0.473384
0.473395
0.473395
0.473384
0.473362
0.47333
0.473287
0.473232
0.473168
0.473092
0.473005
0.472908
0.4728
0.472681
0.472551
0.472411
0.472258
0.472096
0.471922
0.471738
0.471542
0.471335
0.471117
0.470888
0.470648
0.470397
0.470134
0.469861
0.469575
0.469279
0.46897
0.468652
0.468321
0.467979
0.467624
0.467259
0.466881
0.466492
0.466091
0.465679
0.465254
0.464817
0.464368
0.463907
0.463434
0.462948
0.462451
0.461941
0.461418
0.460883
0.460335
0.459774
0.459715
0.460276
0.460824
0.461359
0.461882
0.462393
0.46289
0.463375
0.463849
0.46431
0.464758
0.465196
0.46562
0.466033
0.466434
0.466823
0.467201
0.467566
0.46792
0.468262
0.468593
0.468912
0.46922
0.469516
0.469802
0.470075
0.470338
0.470588
0.470828
0.471057
0.471274
0.471481
0.471677
0.471861
0.472034
0.472197
0.472348
0.472489
0.472618
0.472737
0.472845
0.472942
0.473029
0.473104
0.473168
0.473222
0.473265
0.473298
0.473319
0.47333
0.47333
0.473319
0.473297
0.473265
0.473221
0.473168
0.473103
0.473027
0.472941
0.472844
0.472736
0.472616
0.472487
0.472347
0.472194
0.472032
0.471858
0.471674
0.471479
0.471272
0.471055
0.470826
0.470586
0.470335
0.470073
0.4698
0.469515
0.469219
0.468911
0.468592
0.468261
0.46792
0.467566
0.4672
0.466823
0.466435
0.466034
0.465622
0.465198
0.464761
0.464313
0.463853
0.46338
0.462895
0.462398
0.461888
0.461366
0.460832
0.460284
0.459724
0.459657
0.460217
0.460764
0.461299
0.461821
0.462331
0.462828
0.463313
0.463785
0.464246
0.464694
0.465131
0.465555
0.465967
0.466367
0.466756
0.467133
0.467498
0.467851
0.468193
0.468523
0.468842
0.46915
0.469446
0.46973
0.470003
0.470265
0.470516
0.470756
0.470984
0.471201
0.471407
0.471603
0.471787
0.47196
0.472122
0.472274
0.472414
0.472544
0.472662
0.47277
0.472867
0.472953
0.473028
0.473093
0.473147
0.47319
0.473222
0.473243
0.473254
0.473254
0.473243
0.473221
0.473189
0.473146
0.473092
0.473027
0.472952
0.472865
0.472768
0.47266
0.472541
0.472412
0.472272
0.47212
0.471958
0.471785
0.4716
0.471405
0.471199
0.470981
0.470754
0.470514
0.470263
0.470001
0.469728
0.469443
0.469148
0.468841
0.468522
0.468192
0.467851
0.467497
0.467133
0.466756
0.466368
0.465968
0.465556
0.465133
0.464697
0.464249
0.463789
0.463317
0.462833
0.462336
0.461827
0.461306
0.460772
0.460225
0.459666
0.459591
0.46015
0.460697
0.461231
0.461752
0.462261
0.462757
0.463242
0.463714
0.464173
0.464621
0.465057
0.46548
0.465892
0.466291
0.466679
0.467056
0.46742
0.467773
0.468114
0.468444
0.468762
0.46907
0.469365
0.469649
0.469922
0.470184
0.470434
0.470673
0.470902
0.471118
0.471324
0.47152
0.471703
0.471876
0.472038
0.472188
0.472329
0.472459
0.472577
0.472685
0.472781
0.472868
0.472942
0.473007
0.47306
0.473103
0.473135
0.473157
0.473168
0.473167
0.473157
0.473135
0.473103
0.473059
0.473006
0.472941
0.472865
0.472779
0.472683
0.472575
0.472456
0.472326
0.472186
0.472035
0.471873
0.4717
0.471517
0.471321
0.471116
0.470899
0.47067
0.470431
0.470181
0.469919
0.469647
0.469363
0.469068
0.46876
0.468442
0.468113
0.467772
0.46742
0.467055
0.466679
0.466292
0.465893
0.465481
0.465058
0.464623
0.464176
0.463716
0.463246
0.462762
0.462266
0.461758
0.461237
0.460704
0.460158
0.4596
0.459517
0.460075
0.46062
0.461154
0.461674
0.462182
0.462678
0.463162
0.463632
0.464091
0.464538
0.464973
0.465396
0.465807
0.466206
0.466593
0.466969
0.467333
0.467685
0.468026
0.468355
0.468673
0.468979
0.469274
0.469557
0.46983
0.470091
0.470341
0.47058
0.470807
0.471024
0.47123
0.471424
0.471608
0.47178
0.471942
0.472093
0.472233
0.472362
0.47248
0.472587
0.472684
0.472769
0.472845
0.472909
0.472963
0.473006
0.473038
0.473059
0.47307
0.473069
0.473059
0.473037
0.473004
0.472962
0.472908
0.472844
0.472768
0.472682
0.472585
0.472478
0.47236
0.47223
0.47209
0.471939
0.471778
0.471605
0.471421
0.471227
0.471021
0.470805
0.470578
0.470338
0.470089
0.469828
0.469555
0.469272
0.468977
0.46867
0.468353
0.468024
0.467684
0.467332
0.466968
0.466593
0.466206
0.465807
0.465397
0.464974
0.46454
0.464094
0.463636
0.463165
0.462682
0.462187
0.46168
0.46116
0.460627
0.460083
0.459525
0.459434
0.459991
0.460536
0.461068
0.461587
0.462095
0.462589
0.463072
0.463542
0.464
0.464446
0.46488
0.465302
0.465713
0.466111
0.466498
0.466872
0.467236
0.467587
0.467927
0.468256
0.468573
0.468879
0.469174
0.469456
0.469728
0.469989
0.470238
0.470477
0.470703
0.47092
0.471125
0.471319
0.471502
0.471675
0.471836
0.471987
0.472126
0.472254
0.472373
0.47248
0.472576
0.472662
0.472737
0.472801
0.472854
0.472897
0.47293
0.472951
0.472961
0.472961
0.47295
0.472929
0.472896
0.472854
0.4728
0.472736
0.47266
0.472575
0.472478
0.472371
0.472253
0.472124
0.471984
0.471833
0.471672
0.471499
0.471316
0.471122
0.470917
0.4707
0.470473
0.470235
0.469986
0.469725
0.469454
0.469171
0.468876
0.468571
0.468254
0.467926
0.467586
0.467234
0.466871
0.466497
0.466111
0.465713
0.465304
0.464881
0.464448
0.464003
0.463546
0.463075
0.462594
0.4621
0.461593
0.461074
0.460543
0.459999
0.459442
0.459343
0.4599
0.460443
0.460974
0.461493
0.461999
0.462492
0.462974
0.463443
0.4639
0.464345
0.464778
0.4652
0.465609
0.466006
0.466393
0.466766
0.467129
0.467479
0.467819
0.468147
0.468464
0.468769
0.469062
0.469345
0.469616
0.469876
0.470125
0.470363
0.47059
0.470805
0.47101
0.471204
0.471386
0.471558
0.47172
0.471869
0.472009
0.472138
0.472255
0.472362
0.472458
0.472544
0.472618
0.472683
0.472736
0.472778
0.47281
0.472831
0.472842
0.472842
0.472831
0.47281
0.472777
0.472734
0.472681
0.472617
0.472542
0.472456
0.47236
0.472253
0.472135
0.472006
0.471866
0.471716
0.471555
0.471383
0.4712
0.471007
0.470802
0.470586
0.47036
0.470122
0.469873
0.469613
0.469342
0.469059
0.468766
0.468461
0.468144
0.467817
0.467478
0.467128
0.466765
0.466392
0.466006
0.465609
0.4652
0.464779
0.464347
0.463903
0.463446
0.462977
0.462496
0.462003
0.461498
0.46098
0.460449
0.459907
0.459351
0.459245
0.459799
0.460342
0.460871
0.461389
0.461894
0.462387
0.462867
0.463335
0.463791
0.464235
0.464668
0.465088
0.465496
0.465893
0.466277
0.466651
0.467012
0.467362
0.467701
0.468028
0.468344
0.468648
0.468941
0.469223
0.469494
0.469753
0.470002
0.470238
0.470464
0.47068
0.470884
0.471077
0.47126
0.471431
0.471592
0.471741
0.47188
0.472009
0.472126
0.472232
0.472329
0.472414
0.472488
0.472552
0.472606
0.472648
0.47268
0.472701
0.472711
0.472712
0.472701
0.472679
0.472647
0.472605
0.472551
0.472487
0.472412
0.472326
0.472231
0.472124
0.472006
0.471878
0.471738
0.471589
0.471428
0.471256
0.471074
0.47088
0.470677
0.470461
0.470235
0.469998
0.469749
0.46949
0.469219
0.468938
0.468645
0.46834
0.468025
0.467699
0.46736
0.46701
0.46665
0.466276
0.465892
0.465496
0.465088
0.464668
0.464237
0.463793
0.463338
0.46287
0.46239
0.461898
0.461393
0.460877
0.460348
0.459806
0.459252
0.459138
0.459691
0.460232
0.46076
0.461277
0.46178
0.462272
0.462751
0.463217
0.463673
0.464116
0.464547
0.464967
0.465374
0.465769
0.466153
0.466525
0.466886
0.467235
0.467572
0.467899
0.468214
0.468518
0.46881
0.469091
0.469361
0.469619
0.469868
0.470104
0.47033
0.470544
0.470748
0.47094
0.471123
0.471294
0.471454
0.471603
0.471742
0.47187
0.471986
0.472093
0.472189
0.472274
0.472348
0.472412
0.472465
0.472507
0.472539
0.47256
0.472571
0.47257
0.47256
0.472539
0.472506
0.472464
0.472411
0.472347
0.472271
0.472187
0.47209
0.471983
0.471866
0.471738
0.471601
0.47145
0.47129
0.471119
0.470937
0.470744
0.470541
0.470326
0.470101
0.469864
0.469617
0.469357
0.469088
0.468807
0.468514
0.468211
0.467896
0.46757
0.467232
0.466884
0.466523
0.466152
0.465768
0.465373
0.464966
0.464547
0.464117
0.463674
0.46322
0.462754
0.462275
0.461783
0.461281
0.460765
0.460238
0.459698
0.459145
0.459023
0.459574
0.460114
0.460641
0.461155
0.461658
0.462148
0.462626
0.463092
0.463545
0.463987
0.464417
0.464835
0.465242
0.465635
0.466019
0.46639
0.46675
0.467098
0.467435
0.46776
0.468074
0.468376
0.468669
0.468949
0.469218
0.469476
0.469723
0.469959
0.470184
0.470398
0.470601
0.470793
0.470974
0.471145
0.471305
0.471453
0.471592
0.471719
0.471836
0.471942
0.472037
0.472123
0.472197
0.47226
0.472313
0.472355
0.472387
0.472408
0.472419
0.472419
0.472408
0.472386
0.472354
0.472311
0.472258
0.472195
0.47212
0.472035
0.47194
0.471833
0.471717
0.471588
0.47145
0.471301
0.471141
0.470971
0.470789
0.470597
0.470394
0.47018
0.469955
0.469719
0.469471
0.469214
0.468945
0.468665
0.468373
0.468071
0.467757
0.467432
0.467095
0.466748
0.466388
0.466017
0.465634
0.465241
0.464835
0.464417
0.463988
0.463546
0.463094
0.462628
0.462151
0.461661
0.46116
0.460646
0.460119
0.45958
0.459029
0.458899
0.459449
0.459987
0.460513
0.461026
0.461527
0.462016
0.462492
0.462957
0.463409
0.46385
0.464278
0.464695
0.4651
0.465493
0.465875
0.466245
0.466604
0.466951
0.467287
0.467611
0.467924
0.468226
0.468517
0.468797
0.469065
0.469322
0.469568
0.469803
0.470028
0.470241
0.470443
0.470635
0.470816
0.470986
0.471145
0.471294
0.471431
0.471559
0.471675
0.471781
0.471876
0.47196
0.472034
0.472097
0.47215
0.472192
0.472224
0.472245
0.472255
0.472255
0.472244
0.472223
0.472191
0.472149
0.472096
0.472032
0.471958
0.471873
0.471778
0.471672
0.471556
0.471428
0.47129
0.471141
0.470982
0.470812
0.470631
0.470439
0.470237
0.470023
0.469799
0.469564
0.469317
0.46906
0.468792
0.468512
0.468223
0.46792
0.467608
0.467283
0.466948
0.466601
0.466243
0.465872
0.465492
0.465098
0.464694
0.464278
0.463849
0.46341
0.462957
0.462494
0.462018
0.46153
0.461029
0.460517
0.459992
0.459455
0.458905
0.458767
0.459316
0.459852
0.460376
0.460888
0.461387
0.461874
0.462349
0.462813
0.463263
0.463702
0.46413
0.464545
0.464949
0.465341
0.465722
0.466091
0.466448
0.466794
0.467129
0.467452
0.467764
0.468065
0.468355
0.468633
0.468901
0.469158
0.469403
0.469637
0.469861
0.470074
0.470275
0.470466
0.470647
0.470816
0.470975
0.471123
0.47126
0.471387
0.471503
0.471608
0.471703
0.471787
0.471861
0.471924
0.471976
0.472019
0.47205
0.472071
0.472081
0.472081
0.47207
0.472049
0.472017
0.471975
0.471922
0.471859
0.471785
0.4717
0.471606
0.4715
0.471383
0.471256
0.47112
0.470971
0.470812
0.470643
0.470462
0.470271
0.470069
0.469856
0.469632
0.469399
0.469153
0.468897
0.468628
0.468351
0.468061
0.46776
0.467448
0.467125
0.466791
0.466445
0.466088
0.465719
0.465339
0.464947
0.464544
0.464129
0.463702
0.463264
0.462813
0.462351
0.461876
0.461389
0.460891
0.46038
0.459857
0.459321
0.458773
0.458627
0.459174
0.459708
0.460231
0.460741
0.461238
0.461724
0.462198
0.462659
0.463108
0.463546
0.463972
0.464386
0.464788
0.465179
0.465558
0.465926
0.466283
0.466627
0.466961
0.467283
0.467594
0.467894
0.468183
0.46846
0.468727
0.468983
0.469227
0.469461
0.469684
0.469896
0.470097
0.470287
0.470467
0.470635
0.470793
0.470941
0.471078
0.471204
0.471319
0.471425
0.471519
0.471603
0.471676
0.471739
0.471792
0.471833
0.471865
0.471885
0.471896
0.471896
0.471885
0.471863
0.471832
0.47179
0.471737
0.471674
0.4716
0.471516
0.471422
0.471316
0.471201
0.471074
0.470937
0.470789
0.470631
0.470462
0.470283
0.470092
0.469891
0.469678
0.469456
0.469222
0.468977
0.468722
0.468455
0.468178
0.467889
0.46759
0.467279
0.466957
0.466623
0.466278
0.465923
0.465556
0.465177
0.464786
0.464384
0.46397
0.463545
0.463108
0.462659
0.462198
0.461725
0.46124
0.460743
0.460234
0.459712
0.459179
0.458632
0.458479
0.459023
0.459556
0.460077
0.460585
0.461081
0.461565
0.462037
0.462497
0.462944
0.463381
0.463805
0.464218
0.464618
0.465008
0.465385
0.465752
0.466107
0.466451
0.466783
0.467104
0.467414
0.467713
0.468
0.468277
0.468543
0.468798
0.469041
0.469274
0.469496
0.469707
0.469908
0.470097
0.470276
0.470444
0.470602
0.470748
0.470885
0.47101
0.471126
0.47123
0.471324
0.471408
0.471481
0.471544
0.471595
0.471638
0.471669
0.47169
0.4717
0.471699
0.471689
0.471668
0.471636
0.471594
0.471542
0.471478
0.471405
0.471321
0.471227
0.471121
0.471007
0.47088
0.470744
0.470597
0.470439
0.470271
0.470092
0.469901
0.469701
0.469491
0.469269
0.469035
0.468792
0.468537
0.468272
0.467995
0.467708
0.467409
0.467099
0.466778
0.466446
0.466103
0.465749
0.465382
0.465005
0.464616
0.464215
0.463803
0.463379
0.462943
0.462496
0.462036
0.461566
0.461082
0.460587
0.460079
0.45956
0.459028
0.458484
0.458321
0.458865
0.459395
0.459914
0.46042
0.460914
0.461396
0.461867
0.462325
0.462771
0.463205
0.463628
0.464039
0.464438
0.464826
0.465203
0.465568
0.465922
0.466264
0.466595
0.466915
0.467224
0.467521
0.467808
0.468083
0.468348
0.468601
0.468845
0.469076
0.469298
0.469508
0.469707
0.469896
0.470075
0.470242
0.470399
0.470545
0.470681
0.470806
0.470921
0.471025
0.471119
0.471202
0.471275
0.471337
0.47139
0.471431
0.471461
0.471482
0.471493
0.471492
0.471482
0.471461
0.47143
0.471387
0.471336
0.471272
0.471199
0.471115
0.471022
0.470917
0.470802
0.470676
0.47054
0.470394
0.470237
0.470069
0.469891
0.469702
0.469501
0.469292
0.46907
0.468838
0.468595
0.468342
0.468077
0.467803
0.467515
0.467218
0.466909
0.46659
0.466259
0.465917
0.465563
0.465199
0.464823
0.464435
0.464036
0.463625
0.463203
0.46277
0.462324
0.461866
0.461396
0.460915
0.460422
0.459916
0.459398
0.458869
0.458326
0.458157
0.458697
0.459226
0.459743
0.460247
0.460739
0.461219
0.461687
0.462144
0.462588
0.463021
0.463442
0.463851
0.464249
0.464635
0.465011
0.465374
0.465726
0.466067
0.466397
0.466716
0.467023
0.467319
0.467605
0.46788
0.468143
0.468395
0.468637
0.468868
0.469088
0.469298
0.469496
0.469685
0.469862
0.470029
0.470185
0.470331
0.470466
0.470591
0.470705
0.470808
0.470902
0.470985
0.471057
0.47112
0.471171
0.471212
0.471243
0.471264
0.471274
0.471274
0.471263
0.471242
0.471211
0.471169
0.471117
0.471055
0.470982
0.470899
0.470805
0.470701
0.470586
0.470461
0.470326
0.47018
0.470023
0.469856
0.469679
0.46949
0.469292
0.469082
0.468862
0.46863
0.468389
0.468136
0.467873
0.467598
0.467313
0.467017
0.46671
0.466391
0.466062
0.465721
0.465369
0.465006
0.464632
0.464245
0.463848
0.463439
0.463018
0.462586
0.462143
0.461686
0.461219
0.460739
0.460248
0.459744
0.459228
0.458701
0.458161
0.457983
0.458521
0.459048
0.459562
0.460064
0.460554
0.461033
0.461499
0.461953
0.462396
0.462827
0.463246
0.463654
0.46405
0.464435
0.464809
0.46517
0.465521
0.465861
0.466189
0.466506
0.466812
0.467107
0.467391
0.467665
0.467927
0.468178
0.468419
0.468649
0.468868
0.469077
0.469275
0.469462
0.469638
0.469805
0.469961
0.470106
0.47024
0.470364
0.470478
0.470581
0.470674
0.470756
0.470829
0.47089
0.470942
0.470984
0.471014
0.471034
0.471045
0.471044
0.471034
0.471013
0.470982
0.47094
0.470888
0.470826
0.470754
0.47067
0.470577
0.470473
0.47036
0.470235
0.4701
0.469954
0.469799
0.469633
0.469456
0.469268
0.46907
0.468862
0.468642
0.468412
0.468171
0.46792
0.467658
0.467384
0.4671
0.466806
0.4665
0.466182
0.465854
0.465515
0.465165
0.464803
0.46443
0.464046
0.46365
0.463243
0.462824
0.462394
0.461952
0.461497
0.461032
0.460554
0.460065
0.459563
0.45905
0.458524
0.457986
0.457801
0.458337
0.458861
0.459373
0.459873
0.460361
0.460838
0.461301
0.461754
0.462194
0.462624
0.463041
0.463447
0.463841
0.464224
0.464596
0.464957
0.465306
0.465643
0.465971
0.466286
0.466591
0.466885
0.467168
0.46744
0.467701
0.467951
0.468191
0.46842
0.468638
0.468845
0.469043
0.469229
0.469405
0.46957
0.469725
0.469869
0.470003
0.470127
0.47024
0.470343
0.470435
0.470517
0.470589
0.470651
0.470702
0.470743
0.470773
0.470794
0.470804
0.470803
0.470793
0.470772
0.470741
0.4707
0.470648
0.470586
0.470514
0.470431
0.470338
0.470236
0.470121
0.469998
0.469864
0.469719
0.469563
0.469398
0.469222
0.469036
0.468838
0.468631
0.468412
0.468184
0.467944
0.467694
0.467432
0.46716
0.466877
0.466584
0.466279
0.465964
0.465637
0.465299
0.464951
0.46459
0.464219
0.463836
0.463442
0.463037
0.46262
0.462191
0.461752
0.461299
0.460836
0.460361
0.459873
0.459374
0.458862
0.458339
0.457804
0.45761
0.458144
0.458666
0.459175
0.459673
0.460159
0.460633
0.461095
0.461545
0.461984
0.462411
0.462826
0.463231
0.463623
0.464004
0.464374
0.464732
0.46508
0.465416
0.465742
0.466056
0.46636
0.466652
0.466934
0.467204
0.467464
0.467714
0.467952
0.46818
0.468397
0.468603
0.468799
0.468985
0.46916
0.469324
0.469478
0.469622
0.469755
0.469878
0.469991
0.470093
0.470185
0.470267
0.470339
0.4704
0.470451
0.470491
0.470522
0.470542
0.470552
0.470552
0.470541
0.47052
0.470489
0.470448
0.470397
0.470335
0.470263
0.470181
0.470089
0.469986
0.469873
0.469749
0.469616
0.469472
0.469318
0.469153
0.468978
0.468792
0.468595
0.468389
0.468172
0.467943
0.467705
0.467456
0.467196
0.466925
0.466644
0.466352
0.466048
0.465734
0.46541
0.465073
0.464726
0.464367
0.463998
0.463617
0.463226
0.462821
0.462406
0.46198
0.461542
0.461092
0.460631
0.460157
0.459672
0.459175
0.458666
0.458145
0.457612
0.457411
0.457942
0.458461
0.458969
0.459464
0.459947
0.460419
0.460879
0.461326
0.461763
0.462188
0.462602
0.463004
0.463395
0.463774
0.464142
0.464499
0.464845
0.46518
0.465503
0.465816
0.466118
0.466409
0.466689
0.466958
0.467217
0.467465
0.467702
0.467929
0.468145
0.46835
0.468545
0.46873
0.468904
0.469068
0.469221
0.469363
0.469497
0.469619
0.469731
0.469832
0.469924
0.470006
0.470077
0.470137
0.470188
0.470228
0.470259
0.470279
0.470289
0.470289
0.470278
0.470257
0.470226
0.470186
0.470134
0.470073
0.470001
0.46992
0.469828
0.469725
0.469613
0.46949
0.469357
0.469214
0.469061
0.468896
0.468722
0.468537
0.468342
0.468136
0.46792
0.467693
0.467456
0.467208
0.466949
0.46668
0.4664
0.466109
0.465807
0.465496
0.465171
0.464837
0.464492
0.464135
0.463767
0.463388
0.462998
0.462596
0.462184
0.461759
0.461323
0.460876
0.460416
0.459945
0.459463
0.458968
0.458461
0.457943
0.457413
0.457203
0.457731
0.458248
0.458753
0.459246
0.459726
0.460196
0.460654
0.4611
0.461533
0.461957
0.462367
0.462768
0.463156
0.463534
0.463901
0.464255
0.464599
0.464933
0.465254
0.465565
0.465866
0.466155
0.466434
0.466702
0.46696
0.467205
0.467442
0.467667
0.467882
0.468086
0.468281
0.468464
0.468638
0.4688
0.468953
0.469094
0.469226
0.469348
0.469459
0.46956
0.469651
0.469732
0.469803
0.469864
0.469914
0.469954
0.469984
0.470004
0.470014
0.470014
0.470003
0.469982
0.469952
0.469911
0.46986
0.469799
0.469728
0.469647
0.469555
0.469454
0.469342
0.46922
0.469088
0.468945
0.468792
0.468629
0.468455
0.468271
0.468077
0.467873
0.467658
0.467433
0.467196
0.466949
0.466692
0.466424
0.466145
0.465856
0.465556
0.465245
0.464924
0.464591
0.464247
0.463893
0.463526
0.463149
0.462761
0.462362
0.461951
0.461529
0.461095
0.46065
0.460192
0.459724
0.459244
0.458751
0.458248
0.457732
0.457204
0.456986
0.457512
0.458026
0.458528
0.459018
0.459497
0.459964
0.460419
0.460863
0.461294
0.461715
0.462124
0.462522
0.462909
0.463284
0.463648
0.464002
0.464344
0.464674
0.464995
0.465304
0.465603
0.465891
0.466168
0.466435
0.46669
0.466935
0.46717
0.467395
0.467608
0.467812
0.468004
0.468187
0.468359
0.468521
0.468673
0.468814
0.468945
0.469066
0.469177
0.469278
0.469368
0.469449
0.469519
0.469579
0.469629
0.469669
0.469699
0.469718
0.469728
0.469728
0.469718
0.469697
0.469666
0.469626
0.469575
0.469515
0.469443
0.469363
0.469272
0.469171
0.46906
0.468938
0.468806
0.468665
0.468513
0.46835
0.468178
0.467995
0.467802
0.467598
0.467385
0.46716
0.466926
0.46668
0.466424
0.466158
0.465881
0.465593
0.465295
0.464985
0.464665
0.464334
0.463992
0.463639
0.463275
0.462901
0.462514
0.462117
0.461708
0.461289
0.460857
0.460414
0.45996
0.459494
0.459015
0.458526
0.458025
0.457512
0.456987
0.456761
0.457284
0.457795
0.458294
0.458782
0.459258
0.459722
0.460174
0.460615
0.461045
0.461464
0.46187
0.462266
0.462651
0.463024
0.463386
0.463737
0.464078
0.464406
0.464726
0.465033
0.465331
0.465616
0.465892
0.466157
0.466411
0.466655
0.466888
0.467111
0.467324
0.467526
0.467718
0.467899
0.46807
0.468231
0.468382
0.468522
0.468653
0.468772
0.468883
0.468983
0.469073
0.469153
0.469223
0.469282
0.469332
0.469372
0.469402
0.469422
0.469431
0.46943
0.46942
0.4694
0.469369
0.469329
0.469279
0.469218
0.469148
0.469068
0.468977
0.468876
0.468766
0.468645
0.468514
0.468373
0.468222
0.468061
0.467889
0.467707
0.467516
0.467313
0.4671
0.466878
0.466644
0.4664
0.466146
0.465881
0.465605
0.465319
0.465022
0.464715
0.464397
0.464068
0.463728
0.463377
0.463014
0.462642
0.462258
0.461863
0.461456
0.461039
0.46061
0.46017
0.459718
0.459254
0.458779
0.458292
0.457794
0.457283
0.456761
0.456527
0.457047
0.457556
0.458052
0.458536
0.45901
0.459472
0.459921
0.46036
0.460787
0.461202
0.461607
0.462001
0.462382
0.462754
0.463114
0.463463
0.463801
0.464129
0.464445
0.464751
0.465046
0.465331
0.465605
0.465868
0.466121
0.466363
0.466596
0.466817
0.467028
0.467229
0.46742
0.4676
0.46777
0.46793
0.46808
0.468219
0.468349
0.468469
0.468578
0.468677
0.468767
0.468846
0.468915
0.468975
0.469024
0.469063
0.469093
0.469113
0.469122
0.469122
0.469112
0.469091
0.469061
0.469021
0.468971
0.468911
0.468841
0.468761
0.468671
0.468571
0.468461
0.468341
0.468211
0.468071
0.46792
0.46776
0.46759
0.467409
0.467218
0.467017
0.466806
0.466584
0.466352
0.466109
0.465856
0.465593
0.465319
0.465035
0.46474
0.464434
0.464117
0.46379
0.463453
0.463104
0.462745
0.462373
0.461992
0.461599
0.461195
0.46078
0.460353
0.459915
0.459466
0.459005
0.458533
0.458049
0.457553
0.457045
0.456526
0.456285
0.456801
0.457307
0.4578
0.458282
0.458752
0.459211
0.459658
0.460094
0.460518
0.460932
0.461334
0.461725
0.462105
0.462473
0.462832
0.463178
0.463515
0.46384
0.464155
0.464459
0.464752
0.465035
0.465307
0.465569
0.46582
0.466061
0.466292
0.466512
0.466721
0.466921
0.46711
0.467291
0.467459
0.467618
0.467766
0.467906
0.468034
0.468153
0.468261
0.46836
0.468449
0.468528
0.468597
0.468656
0.468705
0.468744
0.468773
0.468793
0.468802
0.468802
0.468791
0.468772
0.468741
0.468702
0.468651
0.468591
0.468523
0.468443
0.468354
0.468254
0.468145
0.468025
0.467896
0.467757
0.467608
0.467448
0.467279
0.467099
0.46691
0.46671
0.4665
0.466279
0.466048
0.465808
0.465556
0.465295
0.465022
0.46474
0.464447
0.464143
0.463829
0.463504
0.463167
0.462821
0.462463
0.462095
0.461715
0.461325
0.460923
0.46051
0.460086
0.459652
0.459205
0.458747
0.458277
0.457796
0.457303
0.456799
0.456283
0.456033
0.456547
0.457049
0.457539
0.458018
0.458485
0.458942
0.459385
0.459819
0.460241
0.460651
0.461051
0.461439
0.461817
0.462183
0.462539
0.462884
0.463219
0.463541
0.463854
0.464156
0.464447
0.464728
0.464999
0.465259
0.465509
0.465748
0.465977
0.466195
0.466404
0.466602
0.46679
0.466969
0.467137
0.467294
0.467442
0.46758
0.467708
0.467826
0.467933
0.468032
0.46812
0.468198
0.468266
0.468325
0.468374
0.468413
0.468442
0.468461
0.468471
0.468471
0.468459
0.46844
0.46841
0.468371
0.46832
0.468261
0.468192
0.468114
0.468024
0.467925
0.467817
0.467698
0.46757
0.467432
0.467283
0.467125
0.466956
0.466778
0.46659
0.466392
0.466182
0.465964
0.465734
0.465495
0.465245
0.464985
0.464715
0.464434
0.464143
0.46384
0.463528
0.463205
0.462871
0.462527
0.462172
0.461806
0.461429
0.461041
0.460642
0.460232
0.45981
0.459378
0.458934
0.458479
0.458012
0.457535
0.457044
0.456543
0.45603
0.455773
0.456283
0.456782
0.457269
0.457745
0.45821
0.458662
0.459104
0.459534
0.459953
0.460361
0.460758
0.461144
0.461519
0.461883
0.462236
0.462579
0.462911
0.463232
0.463542
0.463842
0.464132
0.464411
0.46468
0.464938
0.465186
0.465424
0.465651
0.465868
0.466075
0.466273
0.466459
0.466636
0.466803
0.46696
0.467106
0.467244
0.46737
0.467487
0.467594
0.467691
0.46778
0.467857
0.467924
0.467983
0.468032
0.468069
0.468099
0.468117
0.468127
0.468127
0.468117
0.468097
0.468067
0.468027
0.467979
0.467919
0.467851
0.467772
0.467684
0.467586
0.467478
0.46736
0.467233
0.467095
0.466948
0.46679
0.466623
0.466446
0.466259
0.466062
0.465854
0.465637
0.46541
0.465172
0.464923
0.464665
0.464397
0.464118
0.463828
0.463528
0.463218
0.462897
0.462566
0.462224
0.461871
0.461507
0.461132
0.460747
0.460351
0.459943
0.459525
0.459095
0.458654
0.458202
0.457738
0.457263
0.456777
0.456279
0.455769
0.455503
0.45601
0.456506
0.45699
0.457462
0.457923
0.458373
0.458811
0.459239
0.459656
0.46006
0.460455
0.460838
0.46121
0.461573
0.461923
0.462263
0.462593
0.462912
0.463221
0.463518
0.463806
0.464083
0.46435
0.464607
0.464853
0.465088
0.465315
0.46553
0.465735
0.465931
0.466117
0.466292
0.466458
0.466613
0.466759
0.466895
0.467021
0.467137
0.467243
0.46734
0.467427
0.467504
0.467572
0.467629
0.467678
0.467716
0.467744
0.467763
0.467772
0.467772
0.467762
0.467742
0.467712
0.467673
0.467624
0.467566
0.467498
0.46742
0.467332
0.467235
0.467127
0.46701
0.466884
0.466747
0.466601
0.466445
0.466279
0.466103
0.465917
0.465721
0.465515
0.465299
0.465073
0.464837
0.464591
0.464335
0.464067
0.46379
0.463503
0.463206
0.462897
0.462579
0.462249
0.461909
0.461559
0.461198
0.460826
0.460443
0.460049
0.459645
0.459229
0.458802
0.458364
0.457915
0.457455
0.456983
0.4565
0.456005
0.455499
0.455225
0.455728
0.45622
0.456701
0.45717
0.457628
0.458075
0.45851
0.458935
0.459348
0.459751
0.460142
0.460523
0.460892
0.461252
0.4616
0.461938
0.462265
0.462582
0.462888
0.463183
0.463469
0.463744
0.46401
0.464264
0.464508
0.464743
0.464967
0.465181
0.465385
0.465579
0.465763
0.465937
0.466102
0.466256
0.466401
0.466535
0.466661
0.466775
0.466882
0.466977
0.467064
0.46714
0.467207
0.467264
0.467312
0.467349
0.467378
0.467397
0.467406
0.467405
0.467395
0.467375
0.467346
0.467307
0.467259
0.467201
0.467133
0.467055
0.466968
0.466871
0.466765
0.466649
0.466523
0.466388
0.466243
0.466088
0.465922
0.465748
0.465563
0.465369
0.465164
0.46495
0.464726
0.464492
0.464247
0.463993
0.463727
0.463452
0.463167
0.462871
0.462566
0.462249
0.461922
0.461585
0.461237
0.460879
0.460509
0.460129
0.459738
0.459336
0.458924
0.4585
0.458065
0.457619
0.457162
0.456693
0.456214
0.455722
0.45522
0.454937
0.455437
0.455925
0.456403
0.456868
0.457323
0.457767
0.458199
0.45862
0.459031
0.45943
0.459819
0.460197
0.460563
0.46092
0.461266
0.461601
0.461926
0.462241
0.462544
0.462838
0.463121
0.463394
0.463657
0.46391
0.464153
0.464385
0.464608
0.46482
0.465022
0.465215
0.465398
0.465571
0.465734
0.465886
0.46603
0.466164
0.466288
0.466403
0.466507
0.466603
0.466688
0.466764
0.46683
0.466887
0.466934
0.466972
0.467
0.467018
0.467027
0.467027
0.467017
0.466997
0.466968
0.46693
0.466881
0.466824
0.466756
0.46668
0.466593
0.466497
0.466392
0.466276
0.466152
0.466017
0.465873
0.465719
0.465555
0.465382
0.465199
0.465006
0.464803
0.46459
0.464368
0.464135
0.463893
0.46364
0.463377
0.463104
0.462821
0.462527
0.462224
0.461909
0.461585
0.46125
0.460904
0.460549
0.460182
0.459805
0.459417
0.459018
0.458609
0.458188
0.457756
0.457313
0.456859
0.456394
0.455918
0.45543
0.454931
0.45464
0.455136
0.455622
0.456095
0.456557
0.457009
0.457449
0.457878
0.458296
0.458703
0.4591
0.459486
0.459861
0.460225
0.460579
0.460922
0.461254
0.461577
0.461889
0.462191
0.462482
0.462763
0.463033
0.463295
0.463545
0.463786
0.464017
0.464237
0.464448
0.464649
0.46484
0.465021
0.465193
0.465355
0.465506
0.465649
0.465782
0.465905
0.466018
0.466122
0.466216
0.466301
0.466376
0.466442
0.466498
0.466545
0.466582
0.46661
0.466628
0.466638
0.466637
0.466627
0.466607
0.466579
0.46654
0.466492
0.466435
0.466369
0.466292
0.466206
0.466111
0.466006
0.465892
0.465768
0.465635
0.465492
0.465339
0.465177
0.465005
0.464823
0.464631
0.46443
0.464219
0.463998
0.463767
0.463527
0.463276
0.463015
0.462745
0.462463
0.462172
0.46187
0.461559
0.461237
0.460904
0.460562
0.460209
0.459845
0.459471
0.459085
0.45869
0.458283
0.457866
0.457437
0.456998
0.456547
0.456086
0.455613
0.455129
0.454634
0.454334
0.454827
0.455308
0.455778
0.456237
0.456684
0.457122
0.457547
0.457961
0.458366
0.458759
0.459142
0.459514
0.459875
0.460227
0.460567
0.460897
0.461217
0.461526
0.461826
0.462115
0.462393
0.462662
0.462921
0.463169
0.463408
0.463637
0.463856
0.464065
0.464264
0.464454
0.464634
0.464803
0.464964
0.465114
0.465256
0.465387
0.465509
0.465622
0.465725
0.465818
0.465902
0.465977
0.466042
0.466097
0.466144
0.466181
0.466209
0.466227
0.466235
0.466235
0.466225
0.466205
0.466177
0.466138
0.466091
0.466034
0.465968
0.465893
0.465807
0.465713
0.465609
0.465496
0.465373
0.46524
0.465098
0.464948
0.464786
0.464615
0.464435
0.464245
0.464046
0.463836
0.463617
0.463388
0.463149
0.4629
0.462642
0.462373
0.462095
0.461806
0.461507
0.461197
0.460878
0.460548
0.460209
0.459858
0.459498
0.459126
0.458744
0.458352
0.457948
0.457534
0.457109
0.456673
0.456226
0.455768
0.455299
0.454819
0.454327
0.454019
0.454508
0.454985
0.455451
0.455906
0.456351
0.456783
0.457206
0.457618
0.458019
0.458409
0.458788
0.459158
0.459516
0.459864
0.460202
0.460529
0.460846
0.461153
0.461449
0.461736
0.462013
0.462279
0.462536
0.462782
0.463019
0.463246
0.463463
0.46367
0.463868
0.464056
0.464234
0.464403
0.464561
0.464711
0.464851
0.464981
0.465102
0.465214
0.465316
0.465409
0.465492
0.465566
0.46563
0.465686
0.465731
0.465769
0.465795
0.465814
0.465822
0.465821
0.465811
0.465792
0.465763
0.465726
0.465679
0.465622
0.465557
0.465481
0.465397
0.465303
0.4652
0.465088
0.464966
0.464835
0.464694
0.464544
0.464384
0.464215
0.464036
0.463848
0.463649
0.463442
0.463225
0.462998
0.462761
0.462514
0.462258
0.461991
0.461715
0.461428
0.461132
0.460826
0.460509
0.460182
0.459845
0.459497
0.45914
0.458771
0.458392
0.458003
0.457603
0.457192
0.45677
0.456338
0.455894
0.45544
0.454975
0.454498
0.454011
0.453695
0.454179
0.454652
0.455115
0.455566
0.456007
0.456437
0.456855
0.457264
0.457661
0.458047
0.458425
0.45879
0.459146
0.459491
0.459826
0.46015
0.460465
0.460769
0.461063
0.461347
0.461621
0.461886
0.46214
0.462384
0.462619
0.462844
0.463059
0.463264
0.46346
0.463646
0.463823
0.46399
0.464148
0.464295
0.464434
0.464563
0.464683
0.464794
0.464895
0.464986
0.465069
0.465142
0.465207
0.465261
0.465307
0.465342
0.46537
0.465387
0.465396
0.465395
0.465385
0.465366
0.465338
0.4653
0.465253
0.465198
0.465133
0.465058
0.464975
0.464882
0.464779
0.464668
0.464547
0.464417
0.464278
0.464129
0.46397
0.463803
0.463625
0.463439
0.463242
0.463037
0.462821
0.462597
0.462361
0.462118
0.461863
0.461599
0.461325
0.461041
0.460747
0.460443
0.460129
0.459805
0.459471
0.459126
0.458771
0.458406
0.45803
0.457644
0.457248
0.45684
0.456422
0.455993
0.455554
0.455103
0.454642
0.454169
0.453686
0.453361
0.453841
0.454311
0.454768
0.455216
0.455653
0.456079
0.456495
0.456899
0.457293
0.457676
0.45805
0.458413
0.458765
0.459107
0.459439
0.459761
0.460072
0.460374
0.460665
0.460948
0.461219
0.461481
0.461733
0.461975
0.462208
0.46243
0.462643
0.462847
0.463041
0.463225
0.4634
0.463566
0.463722
0.463868
0.464006
0.464134
0.464253
0.464362
0.464462
0.464553
0.464635
0.464707
0.464771
0.464825
0.464869
0.464905
0.464932
0.46495
0.464958
0.464957
0.464947
0.464928
0.4649
0.464863
0.464817
0.464761
0.464697
0.464623
0.46454
0.464448
0.464347
0.464236
0.464117
0.463988
0.463849
0.463702
0.463545
0.463379
0.463203
0.463018
0.462824
0.46262
0.462406
0.462183
0.461951
0.461708
0.461457
0.461194
0.460923
0.460642
0.460351
0.46005
0.459738
0.459417
0.459086
0.458744
0.458392
0.45803
0.457658
0.457275
0.456882
0.456478
0.456064
0.455639
0.455202
0.454756
0.454299
0.45383
0.453351
0.453017
0.453494
0.453958
0.454413
0.454857
0.455289
0.455712
0.456123
0.456524
0.456915
0.457295
0.457665
0.458024
0.458374
0.458713
0.459042
0.45936
0.459669
0.459968
0.460257
0.460536
0.460805
0.461064
0.461314
0.461554
0.461785
0.462005
0.462216
0.462418
0.46261
0.462793
0.462966
0.46313
0.463284
0.46343
0.463566
0.463693
0.46381
0.463919
0.464017
0.464107
0.464188
0.46426
0.464322
0.464376
0.46442
0.464456
0.464482
0.4645
0.464508
0.464507
0.464497
0.464479
0.464451
0.464414
0.464368
0.464313
0.464249
0.464176
0.464094
0.464003
0.463902
0.463793
0.463675
0.463546
0.463409
0.463263
0.463108
0.462943
0.462769
0.462586
0.462394
0.462191
0.46198
0.461759
0.461528
0.461288
0.461039
0.460779
0.460511
0.460231
0.459943
0.459645
0.459336
0.459018
0.45869
0.458351
0.458003
0.457644
0.457275
0.456896
0.456506
0.456106
0.455695
0.455274
0.454842
0.454399
0.453946
0.453482
0.453006
0.452664
0.453136
0.453597
0.454047
0.454486
0.454916
0.455334
0.455742
0.456139
0.456526
0.456903
0.457269
0.457625
0.457972
0.458308
0.458633
0.458949
0.459255
0.459551
0.459837
0.460114
0.460381
0.460637
0.460885
0.461122
0.46135
0.461569
0.461778
0.461977
0.462168
0.462349
0.462521
0.462683
0.462835
0.462979
0.463114
0.463239
0.463356
0.463463
0.463561
0.46365
0.46373
0.4638
0.463862
0.463916
0.46396
0.463995
0.464021
0.464038
0.464046
0.464045
0.464035
0.464017
0.463989
0.463953
0.463907
0.463853
0.463789
0.463717
0.463636
0.463545
0.463446
0.463338
0.463219
0.463094
0.462958
0.462813
0.462659
0.462496
0.462324
0.462143
0.461951
0.461752
0.461542
0.461323
0.461094
0.460858
0.460609
0.460353
0.460087
0.45981
0.459525
0.459229
0.458924
0.458609
0.458283
0.457948
0.457603
0.457247
0.456882
0.456506
0.456121
0.455723
0.455317
0.454899
0.454471
0.454033
0.453584
0.453123
0.452653
0.452301
0.452769
0.453225
0.453671
0.454107
0.454531
0.454946
0.45535
0.455744
0.456127
0.4565
0.456863
0.457215
0.457558
0.457891
0.458214
0.458527
0.45883
0.459123
0.459406
0.45968
0.459944
0.460198
0.460443
0.460679
0.460904
0.461121
0.461327
0.461525
0.461714
0.461892
0.462062
0.462223
0.462374
0.462517
0.462649
0.462774
0.462889
0.462995
0.463092
0.46318
0.463259
0.463329
0.463391
0.463443
0.463487
0.463521
0.463548
0.463564
0.463572
0.463571
0.463561
0.463542
0.463515
0.463479
0.463433
0.463379
0.463317
0.463245
0.463164
0.463076
0.462978
0.46287
0.462753
0.462628
0.462494
0.46235
0.462198
0.462037
0.461867
0.461687
0.461498
0.461299
0.461092
0.460875
0.46065
0.460414
0.46017
0.459915
0.459652
0.459378
0.459095
0.458802
0.4585
0.458188
0.457866
0.457534
0.457192
0.45684
0.456478
0.456106
0.455724
0.455331
0.454928
0.454515
0.454091
0.453656
0.453211
0.452755
0.452289
0.451929
0.452392
0.452844
0.453286
0.453717
0.454138
0.454548
0.454948
0.455338
0.455717
0.456087
0.456447
0.456795
0.457135
0.457465
0.457784
0.458094
0.458394
0.458684
0.458964
0.459235
0.459497
0.459748
0.459991
0.460223
0.460446
0.460661
0.460866
0.461061
0.461248
0.461425
0.461593
0.461752
0.461901
0.462042
0.462174
0.462297
0.46241
0.462515
0.462611
0.462698
0.462777
0.462846
0.462907
0.462958
0.463001
0.463035
0.463061
0.463077
0.463086
0.463084
0.463075
0.463056
0.463029
0.462993
0.462948
0.462895
0.462833
0.462762
0.462682
0.462593
0.462496
0.462389
0.462275
0.462151
0.462017
0.461876
0.461725
0.461566
0.461397
0.461219
0.461032
0.460836
0.460631
0.460417
0.460192
0.459959
0.459717
0.459466
0.459204
0.458934
0.458654
0.458365
0.458065
0.457757
0.457437
0.457109
0.45677
0.456423
0.456064
0.455695
0.455317
0.454928
0.454529
0.45412
0.453699
0.45327
0.452829
0.452378
0.451916
0.451547
0.452005
0.452452
0.45289
0.453317
0.453733
0.45414
0.454536
0.454922
0.455298
0.455664
0.456019
0.456365
0.456701
0.457027
0.457343
0.457649
0.457946
0.458233
0.458511
0.458779
0.459037
0.459287
0.459526
0.459757
0.459977
0.460189
0.460392
0.460585
0.46077
0.460945
0.461111
0.461268
0.461416
0.461556
0.461686
0.461807
0.461919
0.462023
0.462118
0.462205
0.462282
0.46235
0.46241
0.462461
0.462504
0.462537
0.462562
0.462578
0.462586
0.462586
0.462576
0.462557
0.46253
0.462495
0.462451
0.462398
0.462336
0.462266
0.462187
0.462099
0.462002
0.461898
0.461784
0.461662
0.46153
0.46139
0.46124
0.461082
0.460915
0.460739
0.460554
0.460361
0.460157
0.459945
0.459724
0.459494
0.459254
0.459005
0.458747
0.458479
0.458202
0.457915
0.457619
0.457313
0.456998
0.456673
0.456338
0.455993
0.455639
0.455274
0.4549
0.454514
0.45412
0.453714
0.453299
0.452873
0.452437
0.45199
0.451533
0.451155
0.451608
0.452051
0.452484
0.452906
0.453319
0.45372
0.454113
0.454495
0.454867
0.455228
0.455581
0.455923
0.456256
0.456578
0.456891
0.457194
0.457488
0.457772
0.458046
0.458311
0.458567
0.458814
0.459051
0.459279
0.459497
0.459707
0.459907
0.460098
0.46028
0.460453
0.460617
0.460773
0.460919
0.461057
0.461186
0.461306
0.461417
0.461519
0.461613
0.461698
0.461774
0.461842
0.461901
0.461951
0.461993
0.462027
0.462051
0.462067
0.462075
0.462074
0.462064
0.462046
0.46202
0.461984
0.461941
0.461888
0.461827
0.461758
0.46168
0.461592
0.461497
0.461393
0.461281
0.46116
0.46103
0.460891
0.460743
0.460587
0.460422
0.460248
0.460065
0.459873
0.459672
0.459462
0.459244
0.459016
0.458779
0.458533
0.458277
0.458012
0.457738
0.457455
0.457162
0.456859
0.456547
0.456226
0.455894
0.455554
0.455203
0.454842
0.454471
0.454091
0.4537
0.453299
0.452888
0.452467
0.452035
0.451593
0.451141
0.450752
0.451202
0.45164
0.452067
0.452486
0.452893
0.453291
0.453679
0.454058
0.454425
0.454783
0.455132
0.45547
0.455799
0.456118
0.456427
0.456727
0.457018
0.457299
0.45757
0.457832
0.458085
0.458329
0.458563
0.458788
0.459005
0.459211
0.459409
0.459598
0.459779
0.459949
0.460112
0.460265
0.46041
0.460546
0.460672
0.460791
0.460901
0.461002
0.461095
0.461179
0.461254
0.461321
0.46138
0.461429
0.461471
0.461504
0.461528
0.461544
0.461551
0.46155
0.461541
0.461522
0.461496
0.461461
0.461418
0.461366
0.461306
0.461237
0.46116
0.461074
0.46098
0.460877
0.460765
0.460645
0.460517
0.46038
0.460234
0.46008
0.459916
0.459744
0.459563
0.459374
0.459175
0.458968
0.458751
0.458526
0.458292
0.458048
0.457796
0.457534
0.457263
0.456983
0.456694
0.456394
0.456086
0.455768
0.45544
0.455103
0.454756
0.454399
0.454033
0.453657
0.45327
0.452873
0.452467
0.452049
0.451623
0.451186
0.450737
0.45034
0.450783
0.451218
0.451641
0.452055
0.452458
0.452852
0.453235
0.453609
0.453973
0.454328
0.454672
0.455007
0.455332
0.455647
0.455953
0.45625
0.456537
0.456814
0.457083
0.457342
0.457592
0.457833
0.458064
0.458286
0.4585
0.458705
0.4589
0.459087
0.459265
0.459434
0.459594
0.459746
0.459889
0.460023
0.460148
0.460265
0.460374
0.460474
0.460565
0.460648
0.460722
0.460788
0.460846
0.460895
0.460936
0.460968
0.460992
0.461007
0.461015
0.461014
0.461004
0.460987
0.46096
0.460926
0.460883
0.460832
0.460772
0.460704
0.460627
0.460543
0.460449
0.460348
0.460238
0.460119
0.459992
0.459857
0.459712
0.45956
0.459398
0.459228
0.45905
0.458862
0.458666
0.458461
0.458248
0.458025
0.457793
0.457553
0.457303
0.457044
0.456777
0.456499
0.456213
0.455918
0.455613
0.455299
0.454975
0.454641
0.454299
0.453946
0.453583
0.453211
0.452829
0.452437
0.452035
0.451623
0.451201
0.450768
0.450325
0.449917
0.450356
0.450785
0.451204
0.451613
0.452013
0.452401
0.452781
0.45315
0.453511
0.45386
0.454201
0.454532
0.454854
0.455165
0.455468
0.45576
0.456044
0.456319
0.456584
0.45684
0.457087
0.457325
0.457553
0.457773
0.457984
0.458186
0.458379
0.458564
0.458739
0.458906
0.459064
0.459214
0.459355
0.459488
0.459611
0.459727
0.459834
0.459933
0.460022
0.460104
0.460177
0.460243
0.460299
0.460348
0.460388
0.46042
0.460443
0.460459
0.460466
0.460465
0.460455
0.460437
0.460412
0.460377
0.460335
0.460284
0.460225
0.460158
0.460083
0.459999
0.459907
0.459806
0.459698
0.45958
0.459455
0.459321
0.459179
0.459028
0.458869
0.458701
0.458524
0.458339
0.458145
0.457943
0.457732
0.457512
0.457283
0.457045
0.456799
0.456543
0.456279
0.456005
0.455722
0.455431
0.455129
0.454819
0.454498
0.454169
0.45383
0.453482
0.453123
0.452756
0.452378
0.451991
0.451593
0.451185
0.450768
0.450341
0.449902
0.449483
0.449918
0.450342
0.450756
0.451161
0.451555
0.451941
0.452315
0.452681
0.453037
0.453383
0.453719
0.454046
0.454364
0.454672
0.454971
0.45526
0.45554
0.455811
0.456073
0.456326
0.45657
0.456805
0.457031
0.457248
0.457456
0.457655
0.457846
0.458028
0.458202
0.458366
0.458522
0.45867
0.458809
0.45894
0.459062
0.459176
0.459282
0.459378
0.459468
0.459548
0.45962
0.459684
0.45974
0.459788
0.459828
0.459859
0.459882
0.459897
0.459904
0.459903
0.459893
0.459876
0.45985
0.459816
0.459774
0.459724
0.459666
0.4596
0.459525
0.459443
0.459351
0.459253
0.459145
0.45903
0.458905
0.458773
0.458632
0.458484
0.458326
0.458161
0.457986
0.457804
0.457612
0.457412
0.457204
0.456987
0.456761
0.456526
0.456283
0.45603
0.455769
0.455499
0.45522
0.454931
0.454634
0.454327
0.454011
0.453685
0.453351
0.453006
0.452653
0.452289
0.451916
0.451533
0.451141
0.450737
0.450325
0.449902
0.449469
